 0.00E+00  0.00000  0.03714  0.16043  0.33024  0.11812  0.27927  0.41755
  0.24625  0.40972  0.08087  0.19361  0.33603  0.31437  0.27049
  0.40989  0.49121
 0.40E-01  0.00000  0.07046  0.21040  0.39891  0.17363  0.32525  0.46690
  0.27280  0.43722  0.13390  0.25593  0.43034  0.39280  0.37745
  0.49633  0.62545
 0.80E-01  0.00000  0.10179  0.24683  0.42632  0.20688  0.36036  0.49937
  0.31732  0.47280  0.16437  0.29368  0.45751  0.42705  0.40244
  0.52756  0.63747
 0.12E+00  0.00000  0.14101  0.28621  0.45762  0.24512  0.39614  0.53063
  0.35881  0.50547  0.20180  0.33128  0.48689  0.45948  0.43350
  0.55566  0.65394
 0.16E+00  0.00000  0.18654  0.32664  0.48898  0.28632  0.43134  0.55946
  0.39736  0.53577  0.24370  0.36900  0.51625  0.49092  0.46579
  0.58216  0.67205
 0.20E+00  0.00000  0.23624  0.36737  0.51937  0.32903  0.46556  0.58612
  0.43423  0.56400  0.28840  0.40653  0.54470  0.52118  0.49747
  0.60703  0.69004
 0.24E+00  0.00000  0.28792  0.40765  0.54840  0.37204  0.49852  0.61085
  0.46967  0.59035  0.33433  0.44340  0.57183  0.55004  0.52790
  0.63022  0.70712
 0.28E+00  0.00000  0.33970  0.44683  0.57590  0.41437  0.52997  0.63383
  0.50357  0.61492  0.38013  0.47910  0.59746  0.57737  0.55683
  0.65179  0.72303
 0.32E+00  0.00000  0.38987  0.48437  0.60177  0.45519  0.55973  0.65518
  0.53572  0.63780  0.42463  0.51323  0.62153  0.60306  0.58414
  0.67179  0.73775
 0.36E+00  0.00000  0.43762  0.51995  0.62600  0.49402  0.58773  0.67502
  0.56602  0.65908  0.46710  0.54556  0.64405  0.62714  0.60979
  0.69036  0.75135
 0.40E+00  0.00000  0.48218  0.55331  0.64860  0.53047  0.61391  0.69344
  0.59438  0.67887  0.50699  0.57591  0.66504  0.64962  0.63376
  0.70758  0.76392
 0.44E+00  0.00000  0.52331  0.58436  0.66964  0.56437  0.63830  0.71055
  0.62079  0.69724  0.54404  0.60422  0.68457  0.67054  0.65610
  0.72356  0.77555
 0.48E+00  0.00000  0.56083  0.61308  0.68918  0.59566  0.66093  0.72644
  0.64528  0.71429  0.57812  0.63047  0.70272  0.68997  0.67686
  0.73839  0.78635
 0.52E+00  0.00000  0.59490  0.63953  0.70730  0.62438  0.68187  0.74119
  0.66792  0.73011  0.60930  0.65472  0.71957  0.70800  0.69611
  0.75215  0.79639
 0.56E+00  0.00000  0.62569  0.66379  0.72409  0.65064  0.70122  0.75488
  0.68879  0.74478  0.63769  0.67705  0.73519  0.72469  0.71393
  0.76493  0.80573
 0.60E+00  0.00000  0.65348  0.68601  0.73962  0.67459  0.71907  0.76759
  0.70800  0.75839  0.66347  0.69757  0.74966  0.74015  0.73040
  0.77681  0.81444
 0.64E+00  0.00000  0.67850  0.70631  0.75399  0.69638  0.73552  0.77940
  0.72565  0.77101  0.68683  0.71640  0.76307  0.75445  0.74563
  0.78784  0.82257
 0.68E+00  0.00000  0.70104  0.72484  0.76727  0.71621  0.75067  0.79036
  0.74188  0.78271  0.70798  0.73365  0.77549  0.76768  0.75968
  0.79811  0.83017
 0.72E+00  0.00000  0.72133  0.74176  0.77956  0.73423  0.76462  0.80055
  0.75677  0.79357  0.72713  0.74945  0.78700  0.77991  0.77266
  0.80766  0.83727
 0.76E+00  0.00000  0.73963  0.75720  0.79093  0.75062  0.77747  0.81002
  0.77045  0.80364  0.74447  0.76394  0.79767  0.79123  0.78465
  0.81655  0.84393
 0.80E+00  0.00000  0.75614  0.77130  0.80145  0.76554  0.78931  0.81883
  0.78302  0.81300  0.76020  0.77721  0.80756  0.80171  0.79573
  0.82483  0.85017
 0.84E+00  0.00000  0.77106  0.78420  0.81119  0.77912  0.80022  0.82703
  0.79457  0.82170  0.77447  0.78938  0.81674  0.81141  0.80596
  0.83256  0.85602
 0.88E+00  0.00000  0.78456  0.79599  0.82022  0.79151  0.81028  0.83467
  0.80520  0.82979  0.78744  0.80055  0.82527  0.82040  0.81543
  0.83977  0.86152
 0.92E+00  0.00000  0.79681  0.80679  0.82859  0.80282  0.81958  0.84180
  0.81499  0.83732  0.79924  0.81081  0.83319  0.82874  0.82420
  0.84650  0.86669
 0.96E+00  0.00000  0.80794  0.81670  0.83636  0.81316  0.82817  0.84845
  0.82402  0.84433  0.81001  0.82025  0.84055  0.83648  0.83232
  0.85279  0.87155
 0.99E+00  0.00000  0.81808  0.82580  0.84358  0.82264  0.83611  0.85466
  0.83234  0.85087  0.81985  0.82894  0.84741  0.84367  0.83985
  0.85868  0.87613
 0.10E+01  0.00000  0.82734  0.83417  0.85029  0.83134  0.84347  0.86046
  0.84004  0.85697  0.82885  0.83695  0.85379  0.85036  0.84684
  0.86419  0.88045
 0.11E+01  0.00000  0.83580  0.84188  0.85653  0.83933  0.85029  0.86589
  0.84716  0.86266  0.83710  0.84436  0.85975  0.85659  0.85334
  0.86936  0.88452
 0.11E+01  0.00000  0.84356  0.84899  0.86235  0.84669  0.85663  0.87097
  0.85376  0.86799  0.84469  0.85120  0.86531  0.86239  0.85939
  0.87420  0.88836
 0.12E+01  0.00000  0.85070  0.85557  0.86778  0.85347  0.86252  0.87574
  0.85988  0.87297  0.85167  0.85754  0.87051  0.86780  0.86502
  0.87875  0.89200
 0.12E+01  0.00000  0.85144  0.85626  0.86836  0.85419  0.86314  0.87625
  0.86053  0.87351  0.85241  0.85821  0.87106  0.86838  0.86562
  0.87924  0.89239
 0.12E+01  0.00000  0.85757  0.86194  0.87309  0.86003  0.86826  0.88042
  0.86584  0.87786  0.85841  0.86370  0.87560  0.87310  0.87052
  0.88323  0.89559
 0.13E+01  0.00000  0.86906  0.87268  0.88215  0.87106  0.87800  0.88845
  0.87592  0.88624  0.86971  0.87410  0.88429  0.88213  0.87987
  0.89093  0.90184
 0.14E+01  0.00000  0.88454  0.88729  0.89471  0.88602  0.89141  0.89972
  0.88975  0.89794  0.88498  0.88831  0.89641  0.89467  0.89282
  0.90177  0.91075
 0.16E+01  0.00000  0.90229  0.90426  0.90965  0.90331  0.90722  0.91332
  0.90598  0.91200  0.90256  0.90491  0.91090  0.90959  0.90816
  0.91491  0.92180
 0.19E+01  0.00000  0.92035  0.92179  0.92551  0.92108  0.92382  0.92800
  0.92291  0.92709  0.92053  0.92215  0.92637  0.92544  0.92437
  0.92919  0.93411
 0.23E+01  0.00000  0.93721  0.93835  0.94090  0.93780  0.93974  0.94250
  0.93907  0.94190  0.93738  0.93852  0.94147  0.94083  0.94003
  0.94338  0.94671
 0.30E+01  0.00000  0.95203  0.95300  0.95480  0.95255  0.95400  0.95583
  0.95348  0.95544  0.95222  0.95308  0.95519  0.95475  0.95413
  0.95650  0.95868
 0.40E+01  0.00000  0.96475  0.96557  0.96685  0.96519  0.96630  0.96753
  0.96590  0.96727  0.96494  0.96560  0.96713  0.96684  0.96635
  0.96804  0.96945
 0.56E+01  0.00000  0.97571  0.97634  0.97721  0.97605  0.97685  0.97764
  0.97655  0.97748  0.97587  0.97634  0.97742  0.97723  0.97687
  0.97803  0.97890
 0.84E+01  0.00000  0.98503  0.98544  0.98595  0.98525  0.98576  0.98621
  0.98556  0.98612  0.98514  0.98543  0.98609  0.98599  0.98575
  0.98647  0.98693
 0.13E+02  0.00000  0.99221  0.99242  0.99267  0.99232  0.99258  0.99279
  0.99247  0.99275  0.99227  0.99241  0.99275  0.99270  0.99257
  0.99294  0.99311
 0.22E+02  0.00000  0.99669  0.99678  0.99688  0.99674  0.99685  0.99693
  0.99680  0.99692  0.99672  0.99677  0.99691  0.99690  0.99684
  0.99699  0.99700
 0.40E+02  0.00000  0.99881  0.99884  0.99888  0.99883  0.99887  0.99889
  0.99885  0.99889  0.99882  0.99884  0.99889  0.99889  0.99887
  0.99891  0.99885
 0.75E+02  0.00000  0.99957  0.99958  0.99959  0.99957  0.99959  0.99960
  0.99958  0.99960  0.99957  0.99958  0.99960  0.99960  0.99959
  0.99960  0.99951
 0.13E+03  0.00000  0.99979  0.99979  0.99980  0.99979  0.99980  0.99980
  0.99980  0.99980  0.99979  0.99979  0.99980  0.99980  0.99980
  0.99980  0.99971
 0.19E+03  0.00000  0.99984  0.99984  0.99985  0.99984  0.99985  0.99985
  0.99985  0.99986  0.99985  0.99985  0.99986  0.99986  0.99985
  0.99985  0.99976
 0.20E+03  0.00000  0.99985  0.99985  0.99986  0.99985  0.99986  0.99986
  0.99985  0.99986  0.99985  0.99985  0.99986  0.99986  0.99986
  0.99985  0.99976
