    0.00000 -0.82645E+04 -0.20738E+02 -0.54446E+02  0.00000E+00
    0.54140 -0.82086E+04 -0.15250E+02 -0.48858E+02  0.00000E+00
    1.08281 -0.80011E+04 -0.14758E+02 -0.46628E+02  0.00000E+00
    1.62421 -0.76778E+04 -0.14085E+02 -0.44081E+02  0.00000E+00
    2.16562 -0.72666E+04 -0.13345E+02 -0.41530E+02  0.00000E+00
    2.70702 -0.67986E+04 -0.12609E+02 -0.39058E+02  0.00000E+00
    3.24842 -0.63024E+04 -0.11911E+02 -0.36695E+02  0.00000E+00
    3.78983 -0.58020E+04 -0.11260E+02 -0.34458E+02  0.00000E+00
    4.33123 -0.53150E+04 -0.10659E+02 -0.32354E+02  0.00000E+00
    4.87264 -0.48533E+04 -0.10103E+02 -0.30383E+02  0.00000E+00
    5.41404 -0.44239E+04 -0.95896E+01 -0.28544E+02  0.00000E+00
    5.95545 -0.40298E+04 -0.91140E+01 -0.26833E+02  0.00000E+00
    6.49685 -0.36715E+04 -0.86727E+01 -0.25243E+02  0.00000E+00
    7.03825 -0.33480E+04 -0.82626E+01 -0.23769E+02  0.00000E+00
    7.57966 -0.30571E+04 -0.78808E+01 -0.22404E+02  0.00000E+00
    8.12106 -0.27961E+04 -0.75250E+01 -0.21141E+02  0.00000E+00
    8.66247 -0.25623E+04 -0.71930E+01 -0.19972E+02  0.00000E+00
    9.20387 -0.23529E+04 -0.68827E+01 -0.18892E+02  0.00000E+00
    9.74527 -0.21652E+04 -0.65925E+01 -0.17892E+02  0.00000E+00
   10.28668 -0.19968E+04 -0.63207E+01 -0.16967E+02  0.00000E+00
   10.82808 -0.18455E+04 -0.60659E+01 -0.16112E+02  0.00000E+00
   11.36949 -0.17093E+04 -0.58269E+01 -0.15319E+02  0.00000E+00
   11.91089 -0.15866E+04 -0.56023E+01 -0.14585E+02  0.00000E+00
   12.45230 -0.14756E+04 -0.53913E+01 -0.13905E+02  0.00000E+00
   12.99370 -0.13752E+04 -0.51927E+01 -0.13273E+02  0.00000E+00
   13.53510 -0.12841E+04 -0.50057E+01 -0.12686E+02  0.00000E+00
   14.07651 -0.12013E+04 -0.48294E+01 -0.12140E+02  0.00000E+00
   14.61791 -0.11258E+04 -0.46632E+01 -0.11632E+02  0.00000E+00
   15.15932 -0.10569E+04 -0.45063E+01 -0.11159E+02  0.00000E+00
   15.70072 -0.99391E+03 -0.43581E+01 -0.10717E+02  0.00000E+00
   15.76279 -0.98703E+03 -0.43421E+01 -0.10670E+02  0.00000E+00
   16.26956 -0.93332E+03 -0.42112E+01 -0.10285E+02  0.00000E+00
   17.33979 -0.83290E+03 -0.39565E+01 -0.95493E+01  0.00000E+00
   19.09901 -0.69888E+03 -0.35926E+01 -0.85279E+01  0.00000E+00
   21.76990 -0.54858E+03 -0.31423E+01 -0.73127E+01  0.00000E+00
   25.72708 -0.40033E+03 -0.26404E+01 -0.60235E+01  0.00000E+00
   31.59984 -0.26975E+03 -0.21272E+01 -0.47732E+01  0.00000E+00
   40.46801 -0.16660E+03 -0.16407E+01 -0.36441E+01  0.00000E+00
   54.24763 -0.93546E+02 -0.12043E+01 -0.26660E+01  0.00000E+00
   76.48088 -0.47329E+02 -0.82442E+00 -0.18273E+01  0.00000E+00
  114.01807 -0.21363E+02 -0.50442E+00 -0.11211E+01  0.00000E+00
  180.70527 -0.85179E+01 -0.26053E+00 -0.58028E+00  0.00000E+00
  305.43401 -0.29835E+01 -0.10858E+00 -0.24215E+00  0.00000E+00
  547.86143 -0.92754E+00 -0.36777E-01 -0.82062E-01  0.00000E+00
 1014.49266 -0.27053E+00 -0.11069E-01 -0.24704E-01  0.00000E+00
 1791.92371 -0.86712E-01 -0.35840E-02 -0.79985E-02  0.00000E+00
 2584.70347 -0.41677E-01 -0.17264E-02 -0.38530E-02  0.00000E+00
 2720.55577 -0.37619E-01 -0.15585E-02 -0.34782E-02  0.00000E+00
