  0.00000  0.02304  0.04168  0.08438  0.14075  0.20441  0.27082  0.33662
  0.01000  0.02305  0.04169  0.08439  0.14077  0.20443  0.27085  0.33666
  0.02000  0.02307  0.04172  0.08444  0.14083  0.20451  0.27094  0.33677
  0.03000  0.02311  0.04177  0.08451  0.14093  0.20464  0.27110  0.33696
  0.04000  0.02316  0.04184  0.08461  0.14107  0.20482  0.27132  0.33722
  0.05000  0.02323  0.04193  0.08475  0.14125  0.20505  0.27161  0.33756
  0.06000  0.02331  0.04204  0.08491  0.14147  0.20533  0.27196  0.33797
  0.07000  0.02341  0.04218  0.08510  0.14173  0.20567  0.27237  0.33847
  0.08000  0.02352  0.04234  0.08533  0.14203  0.20606  0.27285  0.33904
  0.09000  0.02365  0.04252  0.08558  0.14238  0.20650  0.27339  0.33968
  0.10000  0.02380  0.04272  0.08587  0.14276  0.20700  0.27401  0.34041
  0.11000  0.02397  0.04294  0.08619  0.14320  0.20755  0.27469  0.34122
  0.12000  0.02415  0.04319  0.08655  0.14367  0.20816  0.27544  0.34211
  0.13000  0.02436  0.04347  0.08694  0.14419  0.20883  0.27626  0.34308
  0.14000  0.02458  0.04377  0.08736  0.14476  0.20956  0.27715  0.34413
  0.15000  0.02482  0.04410  0.08782  0.14538  0.21034  0.27811  0.34527
  0.16000  0.02508  0.04445  0.08832  0.14604  0.21119  0.27915  0.34650
  0.17000  0.02537  0.04483  0.08886  0.14676  0.21210  0.28027  0.34782
  0.18000  0.02568  0.04525  0.08944  0.14752  0.21308  0.28146  0.34923
  0.19000  0.02602  0.04569  0.09005  0.14834  0.21412  0.28273  0.35073
  0.20000  0.02638  0.04617  0.09071  0.14922  0.21523  0.28409  0.35233
  0.21000  0.02676  0.04668  0.09142  0.15015  0.21640  0.28552  0.35402
  0.22000  0.02717  0.04722  0.09217  0.15113  0.21765  0.28705  0.35582
  0.23000  0.02762  0.04780  0.09297  0.15218  0.21898  0.28866  0.35771
  0.24000  0.02809  0.04841  0.09381  0.15329  0.22037  0.29036  0.35971
  0.25000  0.02860  0.04907  0.09471  0.15446  0.22185  0.29215  0.36182
  0.26000  0.02913  0.04976  0.09565  0.15570  0.22341  0.29404  0.36404
  0.27000  0.02971  0.05050  0.09665  0.15700  0.22504  0.29602  0.36637
  0.28000  0.03032  0.05128  0.09771  0.15838  0.22677  0.29811  0.36881
  0.29000  0.03096  0.05211  0.09883  0.15982  0.22858  0.30029  0.37138
  0.30000  0.03165  0.05298  0.10000  0.16134  0.23048  0.30259  0.37406
  0.31000  0.03238  0.05391  0.10124  0.16294  0.23247  0.30499  0.37687
  0.32000  0.03315  0.05488  0.10254  0.16462  0.23455  0.30750  0.37981
  0.33000  0.03397  0.05591  0.10391  0.16637  0.23674  0.31013  0.38288
  0.34000  0.03483  0.05699  0.10534  0.16822  0.23903  0.31288  0.38609
  0.35000  0.03574  0.05813  0.10685  0.17015  0.24142  0.31575  0.38943
  0.36000  0.03671  0.05933  0.10843  0.17217  0.24392  0.31875  0.39292
  0.37000  0.03772  0.06059  0.11009  0.17428  0.24653  0.32187  0.39656
  0.38000  0.03879  0.06192  0.11183  0.17649  0.24925  0.32513  0.40035
  0.39000  0.03992  0.06331  0.11365  0.17879  0.25209  0.32852  0.40429
  0.40000  0.04111  0.06477  0.11555  0.18120  0.25505  0.33206  0.40840
  0.41000  0.04236  0.06630  0.11754  0.18372  0.25814  0.33574  0.41266
  0.42000  0.04368  0.06791  0.11962  0.18634  0.26135  0.33957  0.41710
  0.43000  0.04506  0.06959  0.12180  0.18908  0.26470  0.34355  0.42171
  0.44000  0.04652  0.07136  0.12407  0.19193  0.26818  0.34769  0.42650
  0.45000  0.04804  0.07320  0.12644  0.19490  0.27181  0.35199  0.43147
  0.46000  0.04964  0.07514  0.12892  0.19799  0.27558  0.35645  0.43663
  0.47000  0.05132  0.07715  0.13150  0.20121  0.27949  0.36109  0.44198
  0.48000  0.05307  0.07927  0.13419  0.20457  0.28356  0.36590  0.44753
  0.49000  0.05491  0.08147  0.13699  0.20805  0.28779  0.37090  0.45328
  0.50000  0.05684  0.08377  0.13991  0.21167  0.29218  0.37607  0.45925
  0.51000  0.05885  0.08617  0.14295  0.21544  0.29673  0.38144  0.46542
  0.52000  0.06096  0.08868  0.14612  0.21935  0.30146  0.38701  0.47182
  0.53000  0.06316  0.09129  0.14941  0.22342  0.30636  0.39278  0.47844
  0.54000  0.06546  0.09402  0.15284  0.22764  0.31144  0.39875  0.48530
  0.55000  0.06786  0.09686  0.15640  0.23202  0.31671  0.40493  0.49239
  0.56000  0.07037  0.09981  0.16010  0.23656  0.32216  0.41133  0.49973
  0.57000  0.07298  0.10289  0.16394  0.24127  0.32782  0.41796  0.50731
  0.58000  0.07570  0.10609  0.16793  0.24616  0.33367  0.42481  0.51516
  0.59000  0.07854  0.10941  0.17207  0.25122  0.33973  0.43190  0.52326
  0.60000  0.08150  0.11288  0.17637  0.25647  0.34600  0.43923  0.53164
  0.61000  0.08458  0.11647  0.18083  0.26190  0.35249  0.44680  0.54029
  0.62000  0.08778  0.12021  0.18545  0.26753  0.35920  0.45463  0.54922
  0.63000  0.09111  0.12409  0.19024  0.27335  0.36614  0.46272  0.55845
  0.64000  0.09458  0.12811  0.19521  0.27938  0.37331  0.47107  0.56797
  0.65000  0.09818  0.13229  0.20035  0.28561  0.38072  0.47969  0.57779
  0.66000  0.10192  0.13663  0.20568  0.29206  0.38838  0.48859  0.58793
  0.67000  0.10580  0.14112  0.21120  0.29873  0.39629  0.49778  0.59838
  0.68000  0.10983  0.14578  0.21690  0.30562  0.40446  0.50726  0.60916
  0.69000  0.11402  0.15061  0.22281  0.31275  0.41289  0.51704  0.62027
  0.70000  0.11836  0.15561  0.22892  0.32010  0.42159  0.52713  0.63172
  0.71000  0.12285  0.16078  0.23524  0.32770  0.43057  0.53752  0.64353
  0.72000  0.12752  0.16614  0.24177  0.33555  0.43984  0.54824  0.65568
  0.73000  0.13235  0.17169  0.24851  0.34365  0.44939  0.55929  0.66821
  0.74000  0.13736  0.17743  0.25548  0.35201  0.45924  0.57067  0.68110
  0.75000  0.14254  0.18336  0.26268  0.36063  0.46939  0.58239  0.69438
  0.76000  0.14790  0.18949  0.27012  0.36952  0.47985  0.59446  0.70804
  0.77000  0.15345  0.19583  0.27779  0.37870  0.49063  0.60689  0.72210
  0.78000  0.15919  0.20238  0.28571  0.38815  0.50174  0.61969  0.73657
  0.79000  0.16513  0.20915  0.29388  0.39790  0.51317  0.63286  0.75146
  0.80000  0.17126  0.21613  0.30230  0.40794  0.52494  0.64641  0.76676
  0.81000  0.17760  0.22334  0.31099  0.41828  0.53706  0.66035  0.78250
  0.82000  0.18415  0.23078  0.31995  0.42894  0.54954  0.67469  0.79868
  0.83000  0.19092  0.23846  0.32918  0.43991  0.56237  0.68943  0.81531
  0.84000  0.19790  0.24638  0.33869  0.45120  0.57557  0.70459  0.83241
  0.85000  0.20511  0.25455  0.34849  0.46283  0.58915  0.72017  0.84997
  0.86000  0.21254  0.26296  0.35857  0.47479  0.60312  0.73618  0.86800
  0.87000  0.22021  0.27164  0.36896  0.48710  0.61747  0.75264  0.88653
  0.88000  0.22812  0.28058  0.37966  0.49975  0.63222  0.76954  0.90556
  0.89000  0.23627  0.28978  0.39066  0.51277  0.64739  0.78690  0.92509
  0.90000  0.24468  0.29926  0.40198  0.52615  0.66296  0.80473  0.94514
  0.91000  0.25333  0.30902  0.41363  0.53990  0.67897  0.82303  0.96572
  0.92000  0.26225  0.31907  0.42560  0.55404  0.69540  0.84182  0.98683
  0.93000  0.27144  0.32941  0.43792  0.56856  0.71228  0.86111  1.00849
  0.94000  0.28089  0.34004  0.45058  0.58348  0.72960  0.88089  1.03071
  0.95000  0.29062  0.35098  0.46359  0.59880  0.74739  0.90120  1.05350
  0.96000  0.30064  0.36223  0.47696  0.61453  0.76564  0.92202  1.07687
  0.97000  0.31094  0.37380  0.49069  0.63068  0.78436  0.94338  1.10083
  0.98000  0.32154  0.38569  0.50479  0.64726  0.80358  0.96528  1.12539
  0.99000  0.33243  0.39790  0.51928  0.66427  0.82328  0.98774  1.15056
  1.00000  0.34363  0.41045  0.53415  0.68173  0.84349  1.01076  1.17635
