  0.00000 -0.00000  0.01645  0.05015  0.09357  0.14342  0.19730  0.25305
  0.01000  0.00000  0.01646  0.05016  0.09358  0.14344  0.19733  0.25308
  0.02000  0.00001  0.01648  0.05019  0.09363  0.14350  0.19740  0.25316
  0.03000  0.00003  0.01651  0.05024  0.09370  0.14359  0.19752  0.25331
  0.04000  0.00006  0.01656  0.05031  0.09380  0.14372  0.19768  0.25351
  0.05000  0.00009  0.01663  0.05040  0.09392  0.14389  0.19790  0.25377
  0.06000  0.00014  0.01671  0.05052  0.09408  0.14410  0.19816  0.25409
  0.07000  0.00019  0.01680  0.05065  0.09427  0.14434  0.19847  0.25447
  0.08000  0.00024  0.01691  0.05081  0.09448  0.14463  0.19883  0.25491
  0.09000  0.00031  0.01704  0.05099  0.09473  0.14495  0.19924  0.25541
  0.10000  0.00039  0.01718  0.05119  0.09501  0.14532  0.19970  0.25597
  0.11000  0.00047  0.01733  0.05142  0.09532  0.14573  0.20021  0.25659
  0.12000  0.00057  0.01751  0.05167  0.09566  0.14618  0.20078  0.25728
  0.13000  0.00067  0.01770  0.05194  0.09603  0.14667  0.20140  0.25803
  0.14000  0.00079  0.01791  0.05224  0.09644  0.14720  0.20207  0.25885
  0.15000  0.00092  0.01814  0.05256  0.09689  0.14778  0.20280  0.25973
  0.16000  0.00106  0.01839  0.05292  0.09737  0.14841  0.20359  0.26069
  0.17000  0.00121  0.01866  0.05330  0.09788  0.14909  0.20444  0.26171
  0.18000  0.00137  0.01895  0.05371  0.09844  0.14981  0.20534  0.26281
  0.19000  0.00155  0.01927  0.05414  0.09903  0.15058  0.20631  0.26397
  0.20000  0.00174  0.01961  0.05461  0.09967  0.15141  0.20734  0.26522
  0.21000  0.00195  0.01997  0.05512  0.10034  0.15228  0.20844  0.26654
  0.22000  0.00217  0.02035  0.05565  0.10106  0.15322  0.20960  0.26794
  0.23000  0.00241  0.02077  0.05622  0.10183  0.15420  0.21083  0.26942
  0.24000  0.00267  0.02121  0.05683  0.10264  0.15525  0.21213  0.27099
  0.25000  0.00295  0.02168  0.05747  0.10350  0.15636  0.21350  0.27264
  0.26000  0.00324  0.02218  0.05816  0.10441  0.15753  0.21495  0.27438
  0.27000  0.00356  0.02271  0.05888  0.10537  0.15876  0.21648  0.27621
  0.28000  0.00390  0.02327  0.05965  0.10638  0.16005  0.21808  0.27813
  0.29000  0.00426  0.02386  0.06045  0.10745  0.16142  0.21977  0.28015
  0.30000  0.00464  0.02450  0.06131  0.10858  0.16286  0.22154  0.28226
  0.31000  0.00505  0.02516  0.06221  0.10976  0.16437  0.22340  0.28448
  0.32000  0.00549  0.02587  0.06316  0.11101  0.16595  0.22535  0.28681
  0.33000  0.00595  0.02662  0.06416  0.11232  0.16761  0.22739  0.28924
  0.34000  0.00644  0.02741  0.06521  0.11369  0.16935  0.22952  0.29178
  0.35000  0.00696  0.02824  0.06632  0.11514  0.17118  0.23175  0.29444
  0.36000  0.00751  0.02912  0.06749  0.11665  0.17308  0.23409  0.29721
  0.37000  0.00809  0.03004  0.06871  0.11824  0.17508  0.23653  0.30011
  0.38000  0.00871  0.03101  0.06999  0.11990  0.17717  0.23908  0.30313
  0.39000  0.00936  0.03203  0.07134  0.12164  0.17935  0.24173  0.30627
  0.40000  0.01005  0.03311  0.07275  0.12346  0.18163  0.24451  0.30955
  0.41000  0.01078  0.03424  0.07423  0.12536  0.18401  0.24739  0.31297
  0.42000  0.01154  0.03543  0.07579  0.12735  0.18649  0.25041  0.31652
  0.43000  0.01235  0.03667  0.07741  0.12943  0.18908  0.25354  0.32022
  0.44000  0.01320  0.03798  0.07911  0.13160  0.19178  0.25681  0.32407
  0.45000  0.01410  0.03935  0.08088  0.13386  0.19459  0.26020  0.32807
  0.46000  0.01504  0.04078  0.08274  0.13622  0.19752  0.26374  0.33223
  0.47000  0.01603  0.04228  0.08468  0.13868  0.20057  0.26741  0.33654
  0.48000  0.01707  0.04385  0.08670  0.14125  0.20374  0.27123  0.34103
  0.49000  0.01817  0.04550  0.08882  0.14393  0.20704  0.27520  0.34568
  0.50000  0.01931  0.04721  0.09102  0.14671  0.21047  0.27932  0.35051
  0.51000  0.02051  0.04901  0.09332  0.14961  0.21404  0.28360  0.35552
  0.52000  0.02177  0.05089  0.09572  0.15263  0.21775  0.28804  0.36071
  0.53000  0.02309  0.05284  0.09822  0.15576  0.22160  0.29265  0.36609
  0.54000  0.02447  0.05489  0.10082  0.15902  0.22559  0.29743  0.37167
  0.55000  0.02591  0.05702  0.10353  0.16242  0.22974  0.30238  0.37745
  0.56000  0.02742  0.05924  0.10635  0.16594  0.23405  0.30752  0.38343
  0.57000  0.02900  0.06155  0.10928  0.16960  0.23851  0.31284  0.38963
  0.58000  0.03065  0.06396  0.11232  0.17339  0.24314  0.31835  0.39604
  0.59000  0.03237  0.06647  0.11549  0.17734  0.24794  0.32405  0.40267
  0.60000  0.03416  0.06908  0.11878  0.18143  0.25291  0.32996  0.40953
  0.61000  0.03603  0.07180  0.12220  0.18567  0.25806  0.33607  0.41663
  0.62000  0.03798  0.07462  0.12575  0.19007  0.26340  0.34240  0.42396
  0.63000  0.04001  0.07756  0.12943  0.19462  0.26892  0.34894  0.43154
  0.64000  0.04213  0.08061  0.13325  0.19935  0.27463  0.35570  0.43938
  0.65000  0.04433  0.08378  0.13722  0.20424  0.28055  0.36269  0.44747
  0.66000  0.04662  0.08706  0.14132  0.20930  0.28666  0.36991  0.45582
  0.67000  0.04900  0.09048  0.14558  0.21454  0.29298  0.37738  0.46444
  0.68000  0.05148  0.09402  0.14999  0.21997  0.29952  0.38509  0.47335
  0.69000  0.05405  0.09769  0.15456  0.22558  0.30628  0.39305  0.48253
  0.70000  0.05672  0.10149  0.15929  0.23138  0.31326  0.40126  0.49201
  0.71000  0.05949  0.10543  0.16419  0.23738  0.32047  0.40974  0.50178
  0.72000  0.06237  0.10952  0.16925  0.24359  0.32791  0.41849  0.51186
  0.73000  0.06535  0.11375  0.17449  0.24999  0.33559  0.42752  0.52225
  0.74000  0.06844  0.11812  0.17991  0.25661  0.34352  0.43683  0.53296
  0.75000  0.07165  0.12265  0.18551  0.26345  0.35171  0.44642  0.54399
  0.76000  0.07497  0.12734  0.19129  0.27050  0.36015  0.45631  0.55536
  0.77000  0.07842  0.13218  0.19727  0.27779  0.36885  0.46651  0.56706
  0.78000  0.08198  0.13719  0.20344  0.28530  0.37782  0.47701  0.57911
  0.79000  0.08567  0.14237  0.20982  0.29305  0.38707  0.48783  0.59152
  0.80000  0.08948  0.14772  0.21640  0.30105  0.39660  0.49897  0.60429
  0.81000  0.09343  0.15325  0.22319  0.30929  0.40642  0.51044  0.61744
  0.82000  0.09751  0.15895  0.23019  0.31779  0.41654  0.52224  0.63096
  0.83000  0.10172  0.16484  0.23742  0.32654  0.42695  0.53439  0.64486
  0.84000  0.10608  0.17091  0.24486  0.33556  0.43767  0.54689  0.65917
  0.85000  0.11058  0.17718  0.25254  0.34485  0.44871  0.55975  0.67387
  0.86000  0.11522  0.18365  0.26045  0.35442  0.46007  0.57298  0.68899
  0.87000  0.12002  0.19031  0.26860  0.36427  0.47175  0.58657  0.70452
  0.88000  0.12497  0.19719  0.27700  0.37441  0.48377  0.60055  0.72048
  0.89000  0.13007  0.20427  0.28565  0.38484  0.49613  0.61492  0.73688
  0.90000  0.13534  0.21156  0.29455  0.39557  0.50883  0.62968  0.75373
  0.91000  0.14077  0.21907  0.30371  0.40661  0.52190  0.64485  0.77102
  0.92000  0.14636  0.22681  0.31313  0.41796  0.53532  0.66043  0.78879
  0.93000  0.15213  0.23478  0.32283  0.42963  0.54911  0.67643  0.80702
  0.94000  0.15807  0.24297  0.33281  0.44163  0.56328  0.69286  0.82573
  0.95000  0.16419  0.25141  0.34306  0.45395  0.57783  0.70973  0.84493
  0.96000  0.17049  0.26008  0.35361  0.46662  0.59278  0.72704  0.86464
  0.97000  0.17697  0.26900  0.36444  0.47963  0.60812  0.74481  0.88485
  0.98000  0.18364  0.27818  0.37558  0.49299  0.62387  0.76303  0.90557
  0.99000  0.19051  0.28761  0.38702  0.50671  0.64003  0.78173  0.92683
  1.00000  0.19757  0.29730  0.39877  0.52079  0.65661  0.80091  0.94862
