    0.00000  0.00000E+00  0.20864E+01  0.30958E+01  0.00000E+00
    0.54140  0.00000E+00  0.16119E+01  0.25399E+01  0.00000E+00
    1.08281  0.00000E+00  0.15803E+01  0.23710E+01  0.00000E+00
    1.62421  0.00000E+00  0.15391E+01  0.22041E+01  0.00000E+00
    2.16562  0.00000E+00  0.14965E+01  0.20593E+01  0.00000E+00
    2.70702  0.00000E+00  0.14566E+01  0.19365E+01  0.00000E+00
    3.24842  0.00000E+00  0.14208E+01  0.18325E+01  0.00000E+00
    3.78983  0.00000E+00  0.13890E+01  0.17440E+01  0.00000E+00
    4.33123  0.00000E+00  0.13610E+01  0.16685E+01  0.00000E+00
    4.87264  0.00000E+00  0.13362E+01  0.16036E+01  0.00000E+00
    5.41404  0.00000E+00  0.13141E+01  0.15475E+01  0.00000E+00
    5.95545  0.00000E+00  0.12942E+01  0.14988E+01  0.00000E+00
    6.49685  0.00000E+00  0.12764E+01  0.14562E+01  0.00000E+00
    7.03825  0.00000E+00  0.12603E+01  0.14189E+01  0.00000E+00
    7.57966  0.00000E+00  0.12457E+01  0.13861E+01  0.00000E+00
    8.12106  0.00000E+00  0.12324E+01  0.13570E+01  0.00000E+00
    8.66247  0.00000E+00  0.12202E+01  0.13312E+01  0.00000E+00
    9.20387  0.00000E+00  0.12090E+01  0.13082E+01  0.00000E+00
    9.74527  0.00000E+00  0.11988E+01  0.12877E+01  0.00000E+00
   10.28668  0.00000E+00  0.11894E+01  0.12693E+01  0.00000E+00
   10.82808  0.00000E+00  0.11807E+01  0.12527E+01  0.00000E+00
   11.36949  0.00000E+00  0.11726E+01  0.12377E+01  0.00000E+00
   11.91089  0.00000E+00  0.11651E+01  0.12241E+01  0.00000E+00
   12.45230  0.00000E+00  0.11582E+01  0.12118E+01  0.00000E+00
   12.99370  0.00000E+00  0.11518E+01  0.12006E+01  0.00000E+00
   13.53510  0.00000E+00  0.11458E+01  0.11904E+01  0.00000E+00
   14.07651  0.00000E+00  0.11402E+01  0.11810E+01  0.00000E+00
   14.61791  0.00000E+00  0.11349E+01  0.11725E+01  0.00000E+00
   15.15932  0.00000E+00  0.11300E+01  0.11646E+01  0.00000E+00
   15.70072  0.00000E+00  0.11254E+01  0.11573E+01  0.00000E+00
   15.76279  0.00000E+00  0.11249E+01  0.11565E+01  0.00000E+00
   16.26956  0.00000E+00  0.11209E+01  0.11503E+01  0.00000E+00
   17.33979  0.00000E+00  0.11132E+01  0.11385E+01  0.00000E+00
   19.09901  0.00000E+00  0.11022E+01  0.11226E+01  0.00000E+00
   21.76990  0.00000E+00  0.10890E+01  0.11041E+01  0.00000E+00
   25.72708  0.00000E+00  0.10745E+01  0.10851E+01  0.00000E+00
   31.59984  0.00000E+00  0.10599E+01  0.10671E+01  0.00000E+00
   40.46801  0.00000E+00  0.10462E+01  0.10511E+01  0.00000E+00
   54.24763  0.00000E+00  0.10339E+01  0.10372E+01  0.00000E+00
   76.48088  0.00000E+00  0.10230E+01  0.10252E+01  0.00000E+00
  114.01807  0.00000E+00  0.10138E+01  0.10151E+01  0.00000E+00
  180.70527  0.00000E+00  0.10068E+01  0.10075E+01  0.00000E+00
  305.43401  0.00000E+00  0.10027E+01  0.10030E+01  0.00000E+00
  547.86143  0.00000E+00  0.10008E+01  0.10009E+01  0.00000E+00
 1014.49266  0.00000E+00  0.10001E+01  0.10002E+01  0.00000E+00
 1791.92371  0.00000E+00  0.99989E+00  0.10000E+01  0.00000E+00
 2584.70347  0.00000E+00  0.99985E+00  0.99995E+00  0.00000E+00
 2720.55577  0.00000E+00  0.99984E+00  0.99995E+00  0.00000E+00
