 0.00000E+00       0.0230443987       0.0230443987       0.0000000000
 0.39793E-01       0.0490312848       0.0416756352       0.0133845034
 0.79587E-01       0.0935252044       0.0843784001       0.0514712619
 0.11938E+00       0.1476576083       0.1407511453       0.1088096283
 0.15917E+00       0.2089073148       0.2044085671       0.1783459711
 0.19897E+00       0.2735601019       0.2708174669       0.2532587602
 0.23876E+00       0.3382721669       0.3366218586       0.3281280422
 0.27855E+00       0.4004943241       0.3993048233       0.3993048233
 0.31835E+00       0.4582898259       0.4575178726       0.4647337231
 0.35814E+00       0.5111256380       0.5104792895       0.5235491485
 0.39793E+00       0.5585532078       0.5579982523       0.5756612655
 0.43773E+00       0.6007345185       0.6001792693       0.6214265772
 0.47752E+00       0.6379169795       0.6374086384       0.6614204131
 0.51732E+00       0.6706319083       0.6701411595       0.6962948545
 0.55711E+00       0.6993371398       0.6988947958       0.7266976559
 0.59690E+00       0.7245617923       0.7241442017       0.7532306854
 0.63670E+00       0.7467229786       0.7463467456       0.7764322047
 0.67649E+00       0.7662468149       0.7658954800       0.7967726165
 0.71628E+00       0.7834648837       0.7831500428       0.8146572560
 0.75608E+00       0.7987021867       0.7984131686       0.8304324393
 0.79587E+00       0.8122112142       0.8119561768       0.8443926455
 0.83566E+00       0.8242343698       0.8240054708       0.8567877049
 0.87546E+00       0.8349596160       0.8347619609       0.8678294516
 0.91525E+00       0.8445654884       0.8443925947       0.8776976178
 0.95504E+00       0.8531901904       0.8530449325       0.8865449236
 0.99484E+00       0.8609645905       0.8608414491       0.8945014044
 0.10346E+01       0.8679899416       0.8678904306       0.9016780526
 0.10744E+01       0.8743623769       0.8742818688       0.9081698641
 0.11142E+01       0.8801563296       0.8800956056       0.9140583791
 0.11540E+01       0.8854429323       0.8855279476       0.9194137977
 0.11586E+01       0.8859945147       0.8860995188       0.9199965482
 0.11958E+01       0.8905010207       0.8904622139       0.9245325657
 0.12745E+01       0.8988932286       0.8984864602       0.9329556395
 0.14038E+01       0.9100686754       0.9091204953       0.9440789237
 0.16001E+01       0.9227351417       0.9210981783       0.9563972188
 0.18910E+01       0.9355478381       0.9332758793       0.9683876377
 0.23226E+01       0.9475808773       0.9449096389       0.9788202007
 0.29744E+01       0.9584614818       0.9557834030       0.9869781518
 0.39872E+01       0.9683364902       0.9660669448       0.9927112987
 0.56214E+01       0.9774942500       0.9759295759       0.9963197125
 0.83804E+01       0.9858131204       0.9850323724       0.9983407180
 0.13282E+02       0.9925075533       0.9923436704       0.9993387588
 0.22450E+02       0.9967920250       0.9969312224       0.9997684454
 0.40268E+02       0.9988376006       0.9990611248       0.9999280193
 0.74566E+02       0.9995731229       0.9998046124       0.9999790066
 0.13171E+03       0.9997875577       0.9999880224       0.9999932711
 0.18998E+03       0.9998407249       1.0000000000       0.9999967658
 0.19996E+03       0.9998455290       1.0000000000       0.9999970807
