  0.02952  0.03714  0.07046  0.10179  0.14101  0.18654  0.23624  0.28792
  0.05904  0.16043  0.21040  0.24683  0.28621  0.32664  0.36737  0.40765
  0.08856  0.33024  0.39891  0.42632  0.45762  0.48898  0.51937  0.54840
  0.05113  0.11812  0.17363  0.20688  0.24512  0.28632  0.32903  0.37204
  0.07811  0.27927  0.32525  0.36036  0.39614  0.43134  0.46556  0.49852
  0.10227  0.41755  0.46690  0.49937  0.53063  0.55946  0.58612  0.61085
  0.07231  0.24625  0.27280  0.31732  0.35881  0.39736  0.43423  0.46967
  0.09791  0.40972  0.43722  0.47280  0.50547  0.53577  0.56400  0.59035
  0.04175  0.08087  0.13390  0.16437  0.20180  0.24370  0.28840  0.33433
  0.06601  0.19361  0.25593  0.29368  0.33128  0.36900  0.40653  0.44340
  0.09336  0.33603  0.43034  0.45751  0.48689  0.51625  0.54470  0.57183
  0.08856  0.31437  0.39280  0.42705  0.45948  0.49092  0.52118  0.55004
  0.08350  0.27049  0.37745  0.40244  0.43350  0.46579  0.49747  0.52790
  0.10644  0.40989  0.49633  0.52756  0.55566  0.58216  0.60703  0.63022
  0.12525  0.49121  0.62545  0.63747  0.65394  0.67205  0.69004  0.70712
