  1  1 0.10000000E-01  0.33440303E+03  0.20000000E+03  0.13440303E+03
  1  1 0.20000000E-01  0.26594367E+03  0.10000000E+03  0.16594367E+03
  1  1 0.30000000E-01  0.21135752E+03  0.66666667E+02  0.14469085E+03
  1  1 0.40000000E-01  0.16775819E+03  0.50000000E+02  0.11775819E+03
  1  1 0.50000000E-01  0.13303207E+03  0.40000000E+02  0.93032072E+02
  1  1 0.60000000E-01  0.10549978E+03  0.33333333E+02  0.72166443E+02
  1  1 0.70000000E-01  0.83799637E+02  0.28571429E+02  0.55228209E+02
  1  1 0.80000000E-01  0.66820111E+02  0.25000000E+02  0.41820111E+02
  1  1 0.90000000E-01  0.53651543E+02  0.22222222E+02  0.31429321E+02
  1  1 0.10000000E+00  0.43548894E+02  0.20000000E+02  0.23548894E+02
  1  1 0.11000000E+00  0.35902004E+02  0.18181818E+02  0.17720186E+02
  1  1 0.12000000E+00  0.30211513E+02  0.16666667E+02  0.13544846E+02
  1  1 0.13000000E+00  0.26069233E+02  0.15384615E+02  0.10684617E+02
  1  1 0.14000000E+00  0.23142083E+02  0.14285714E+02  0.88563691E+01
  1  1 0.15000000E+00  0.21158889E+02  0.13333333E+02  0.78255562E+01
  1  1 0.16000000E+00  0.19899532E+02  0.12500000E+02  0.73995323E+01
  1  1 0.17000000E+00  0.19185981E+02  0.11764706E+02  0.74212756E+01
  1  1 0.18000000E+00  0.18874909E+02  0.11111111E+02  0.77637980E+01
  1  1 0.19000000E+00  0.18851569E+02  0.10526316E+02  0.83252534E+01
  1  1 0.20000000E+00  0.19024720E+02  0.10000000E+02  0.90247203E+01
  1  1 0.21000000E+00  0.19322439E+02  0.95238095E+01  0.97986297E+01
  1  1 0.22000000E+00  0.19688621E+02  0.90909091E+01  0.10597712E+02
  1  1 0.23000000E+00  0.20080100E+02  0.86956522E+01  0.11384448E+02
  1  1 0.24000000E+00  0.20464240E+02  0.83333333E+01  0.12130907E+02
  1  1 0.25000000E+00  0.20816965E+02  0.80000000E+01  0.12816965E+02
  1  1 0.26000000E+00  0.21121092E+02  0.76923077E+01  0.13428784E+02
  1  1 0.27000000E+00  0.21364989E+02  0.74074074E+01  0.13957582E+02
  1  1 0.28000000E+00  0.21541439E+02  0.71428571E+01  0.14398582E+02
  1  1 0.29000000E+00  0.21646713E+02  0.68965517E+01  0.14750161E+02
  1  1 0.30000000E+00  0.21679811E+02  0.66666667E+01  0.15013144E+02
  1  1 0.31000000E+00  0.21641832E+02  0.64516129E+01  0.15190219E+02
  1  1 0.32000000E+00  0.21535462E+02  0.62500000E+01  0.15285462E+02
  1  1 0.33000000E+00  0.21364556E+02  0.60606061E+01  0.15303950E+02
  1  1 0.34000000E+00  0.21133795E+02  0.58823529E+01  0.15251443E+02
  1  1 0.35000000E+00  0.20848414E+02  0.57142857E+01  0.15134129E+02
  1  1 0.36000000E+00  0.20513977E+02  0.55555556E+01  0.14958421E+02
  1  1 0.37000000E+00  0.20136202E+02  0.54054054E+01  0.14730797E+02
  1  1 0.38000000E+00  0.19720824E+02  0.52631579E+01  0.14457666E+02
  1  1 0.39000000E+00  0.19273484E+02  0.51282051E+01  0.14145279E+02
  1  1 0.40000000E+00  0.18799646E+02  0.50000000E+01  0.13799646E+02
  1  1 0.41000000E+00  0.18304536E+02  0.48780488E+01  0.13426487E+02
  1  1 0.42000000E+00  0.17793097E+02  0.47619048E+01  0.13031192E+02
  1  1 0.43000000E+00  0.17269955E+02  0.46511628E+01  0.12618792E+02
  1  1 0.44000000E+00  0.16739403E+02  0.45454545E+01  0.12193948E+02
  1  1 0.45000000E+00  0.16205391E+02  0.44444444E+01  0.11760946E+02
  1  1 0.46000000E+00  0.15671517E+02  0.43478261E+01  0.11323691E+02
  1  1 0.47000000E+00  0.15141039E+02  0.42553191E+01  0.10885719E+02
  1  1 0.48000000E+00  0.14616871E+02  0.41666667E+01  0.10450204E+02
  1  1 0.49000000E+00  0.14101600E+02  0.40816327E+01  0.10019967E+02
  1  1 0.50000000E+00  0.13597505E+02  0.40000000E+01  0.95975051E+01
  1  1 0.51000000E+00  0.13106561E+02  0.39215686E+01  0.91849926E+01
  1  1 0.52000000E+00  0.12630458E+02  0.38461538E+01  0.87843040E+01
  1  1 0.53000000E+00  0.12170627E+02  0.37735849E+01  0.83970421E+01
  1  1 0.54000000E+00  0.11728245E+02  0.37037037E+01  0.80245415E+01
  1  1 0.55000000E+00  0.11304263E+02  0.36363636E+01  0.76678997E+01
  1  1 0.56000000E+00  0.10899418E+02  0.35714286E+01  0.73279896E+01
  1  1 0.57000000E+00  0.10514252E+02  0.35087719E+01  0.70054796E+01
  1  1 0.58000000E+00  0.10149126E+02  0.34482759E+01  0.67008506E+01
  1  1 0.59000000E+00  0.98042453E+01  0.33898305E+01  0.64144148E+01
  1  1 0.60000000E+00  0.94796600E+01  0.33333333E+01  0.61463266E+01
  1  1 0.61000000E+00  0.91752961E+01  0.32786885E+01  0.58966076E+01
  1  1 0.62000000E+00  0.88909540E+01  0.32258065E+01  0.56651476E+01
  1  1 0.63000000E+00  0.86263353E+01  0.31746032E+01  0.54517321E+01
  1  1 0.64000000E+00  0.83810475E+01  0.31250000E+01  0.52560475E+01
  1  1 0.65000000E+00  0.81546138E+01  0.30769231E+01  0.50776907E+01
  1  1 0.66000000E+00  0.79464914E+01  0.30303030E+01  0.49161883E+01
  1  1 0.67000000E+00  0.77560763E+01  0.29850746E+01  0.47710017E+01
  1  1 0.68000000E+00  0.75827134E+01  0.29411765E+01  0.46415369E+01
  1  1 0.69000000E+00  0.74257041E+01  0.28985507E+01  0.45271534E+01
  1  1 0.70000000E+00  0.72843180E+01  0.28571429E+01  0.44271752E+01
  1  1 0.71000000E+00  0.71577968E+01  0.28169014E+01  0.43408954E+01
  1  1 0.72000000E+00  0.70453619E+01  0.27777778E+01  0.42675841E+01
  1  1 0.73000000E+00  0.69462204E+01  0.27397260E+01  0.42064944E+01
  1  1 0.74000000E+00  0.68595709E+01  0.27027027E+01  0.41568682E+01
  1  1 0.75000000E+00  0.67846088E+01  0.26666667E+01  0.41179421E+01
  1  1 0.76000000E+00  0.67205303E+01  0.26315789E+01  0.40889513E+01
  1  1 0.77000000E+00  0.66665368E+01  0.25974026E+01  0.40691342E+01
  1  1 0.78000000E+00  0.66218385E+01  0.25641026E+01  0.40577359E+01
  1  1 0.79000000E+00  0.65856578E+01  0.25316456E+01  0.40540122E+01
  1  1 0.80000000E+00  0.65572321E+01  0.25000000E+01  0.40572321E+01
  1  1 0.81000000E+00  0.65358166E+01  0.24691358E+01  0.40666808E+01
  1  1 0.82000000E+00  0.65206864E+01  0.24390244E+01  0.40816620E+01
  1  1 0.83000000E+00  0.65111384E+01  0.24096386E+01  0.41014998E+01
  1  1 0.84000000E+00  0.65064933E+01  0.23809524E+01  0.41255409E+01
  1  1 0.85000000E+00  0.65060969E+01  0.23529412E+01  0.41531557E+01
  1  1 0.86000000E+00  0.65093211E+01  0.23255814E+01  0.41837397E+01
  1  1 0.87000000E+00  0.65155655E+01  0.22988506E+01  0.42167149E+01
  1  1 0.88000000E+00  0.65242574E+01  0.22727273E+01  0.42515301E+01
  1  1 0.89000000E+00  0.65348532E+01  0.22471910E+01  0.42876621E+01
  1  1 0.90000000E+00  0.65468382E+01  0.22222222E+01  0.43246160E+01
  1  1 0.91000000E+00  0.65597275E+01  0.21978022E+01  0.43619253E+01
  1  1 0.92000000E+00  0.65730657E+01  0.21739130E+01  0.43991526E+01
  1  1 0.93000000E+00  0.65864271E+01  0.21505376E+01  0.44358894E+01
  1  1 0.94000000E+00  0.65994156E+01  0.21276596E+01  0.44717560E+01
  1  1 0.95000000E+00  0.66116660E+01  0.21052632E+01  0.45064028E+01
  1  1 0.96000000E+00  0.66228389E+01  0.20833333E+01  0.45395056E+01
  1  1 0.97000000E+00  0.66326251E+01  0.20618557E+01  0.45707694E+01
  1  1 0.98000000E+00  0.66407437E+01  0.20408163E+01  0.45999274E+01
  1  1 0.99000000E+00  0.66469417E+01  0.20202020E+01  0.46267396E+01
  1  1 0.10000000E+01  0.66509926E+01  0.20000000E+01  0.46509926E+01
