  0.02952  0.07338  0.10159  0.14626  0.19793  0.25507  0.31472  0.37408
  0.05904  0.24721  0.26718  0.30350  0.34304  0.38400  0.42522  0.46565
  0.08856  0.44637  0.45700  0.48054  0.50789  0.53588  0.56340  0.58990
  0.05113  0.20198  0.22746  0.26566  0.30747  0.35144  0.39610  0.44023
  0.07811  0.37218  0.39528  0.42800  0.46054  0.49267  0.52405  0.55432
  0.10227  0.52006  0.53101  0.55317  0.57751  0.60151  0.62443  0.64605
  0.07231  0.31901  0.34514  0.38930  0.42960  0.46656  0.50150  0.53474
  0.09791  0.48007  0.50847  0.53953  0.56630  0.59094  0.61415  0.63611
  0.04175  0.20336  0.21380  0.24081  0.27832  0.32203  0.36887  0.41645
  0.06601  0.29842  0.33113  0.36603  0.39976  0.43433  0.46924  0.50372
  0.09336  0.46943  0.48397  0.50931  0.53574  0.56205  0.58763  0.61212
  0.08856  0.43420  0.46603  0.49484  0.52141  0.54812  0.57448  0.59999
  0.08350  0.44004  0.45250  0.47376  0.50014  0.52790  0.55561  0.58260
  0.10644  0.51800  0.55084  0.57876  0.60228  0.62482  0.64638  0.66675
  0.12525  0.64620  0.65058  0.66217  0.67794  0.69511  0.71203  0.72797
