 0.00000E+00      -0.0104462798      -0.0000000000       0.0000000000
 0.39793E-01       0.0236466208       0.0164508071       0.0086414937
 0.79587E-01       0.0529074179       0.0501481091       0.0336925138
 0.11938E+00       0.0920540578       0.0935690543       0.0727444757
 0.15917E+00       0.1391678031       0.1434218897       0.1223983326
 0.19897E+00       0.1916045252       0.1973026713       0.1789283458
 0.23876E+00       0.2467825274       0.2530491035       0.2388523383
 0.27855E+00       0.3024463173       0.3086348654       0.2992901296
 0.31835E+00       0.3565972804       0.3626143796       0.3581005863
 0.35814E+00       0.4082479809       0.4138549755       0.4138549755
 0.39793E+00       0.4564877262       0.4616791734       0.4657212075
 0.43773E+00       0.5009717506       0.5056990788       0.5133192885
 0.47752E+00       0.5415055460       0.5458497620       0.5565846896
 0.51732E+00       0.5782436516       0.5822150400       0.5956561475
 0.55711E+00       0.6113559482       0.6150219462       0.6307915047
 0.59690E+00       0.6411569307       0.6445284229       0.6623087048
 0.63670E+00       0.6679099440       0.6710359000       0.6905467534
 0.67649E+00       0.6919366464       0.6948286210       0.7158413599
 0.71628E+00       0.7134977563       0.7161942205       0.7385107977
 0.75608E+00       0.7328766246       0.7353893947       0.7588485710
 0.79587E+00       0.7503005632       0.7526596722       0.7771204321
 0.83566E+00       0.7660031022       0.7682186237       0.7935640551
 0.87546E+00       0.7801701218       0.7822646774       0.8083902422
 0.91525E+00       0.7929867365       0.7949679731       0.8217849313
 0.95504E+00       0.8045994496       0.8064841081       0.8339115518
 0.99484E+00       0.8151518259       0.8169454685       0.8449134523
 0.10346E+01       0.8247571338       0.8264722107       0.8549162429
 0.10744E+01       0.8335256581       0.8351662401       0.8640299684
 0.11142E+01       0.8415443338       0.8431198492       0.8723510757
 0.11540E+01       0.8488977839       0.8505316060       0.8799641665
 0.11586E+01       0.8496668118       0.8513226655       0.8807952059
 0.11958E+01       0.8559658369       0.8574063688       0.8872815346
 0.12745E+01       0.8677591423       0.8686893397       0.8994099137
 0.14038E+01       0.8835775123       0.8837681519       0.9155952296
 0.16001E+01       0.9016221663       0.9008454055       0.9337475968
 0.18910E+01       0.9198949111       0.9181650255       0.9516516167
 0.23226E+01       0.9368699724       0.9344300689       0.9674215132
 0.29744E+01       0.9517465460       0.9490749553       0.9798797159
 0.39872E+01       0.9645105567       0.9621612513       0.9887023271
 0.56214E+01       0.9755299129       0.9739211169       0.9942840326
 0.83804E+01       0.9849130944       0.9841571189       0.9974200235
 0.13282E+02       0.9921443462       0.9920280225       0.9989712818
 0.22450E+02       0.9966639137       0.9968341266       0.9996396755
 0.40268E+02       0.9987975502       0.9990352898       0.9998879802
 0.74566E+02       0.9995614341       0.9997995326       0.9999673282
 0.13171E+03       0.9997838240       0.9999877163       0.9999895277
 0.18998E+03       0.9998389295       1.0000000000       0.9999949666
 0.19996E+03       0.9998439077       1.0000000000       0.9999954567
