    0.00000  0.92577E+03  0.20358E+01  0.30281E+01  0.00000E+00
    0.54140  0.46288E+03  0.15989E+01  0.25068E+01  0.00000E+00
    1.08281  0.11872E+03  0.15687E+01  0.23456E+01  0.00000E+00
    1.62421  0.54987E+02  0.15292E+01  0.21852E+01  0.00000E+00
    2.16562  0.32680E+02  0.14880E+01  0.20451E+01  0.00000E+00
    2.70702  0.22355E+02  0.14492E+01  0.19254E+01  0.00000E+00
    3.24842  0.16747E+02  0.14142E+01  0.18235E+01  0.00000E+00
    3.78983  0.13365E+02  0.13831E+01  0.17364E+01  0.00000E+00
    4.33123  0.11170E+02  0.13555E+01  0.16618E+01  0.00000E+00
    4.87264  0.96652E+01  0.13309E+01  0.15974E+01  0.00000E+00
    5.41404  0.85888E+01  0.13090E+01  0.15418E+01  0.00000E+00
    5.95545  0.77924E+01  0.12894E+01  0.14933E+01  0.00000E+00
    6.49685  0.71867E+01  0.12717E+01  0.14510E+01  0.00000E+00
    7.03825  0.67153E+01  0.12557E+01  0.14138E+01  0.00000E+00
    7.57966  0.63412E+01  0.12411E+01  0.13811E+01  0.00000E+00
    8.12106  0.60395E+01  0.12278E+01  0.13520E+01  0.00000E+00
    8.66247  0.57925E+01  0.12157E+01  0.13263E+01  0.00000E+00
    9.20387  0.55878E+01  0.12046E+01  0.13033E+01  0.00000E+00
    9.74527  0.54163E+01  0.11944E+01  0.12828E+01  0.00000E+00
   10.28668  0.52711E+01  0.11849E+01  0.12643E+01  0.00000E+00
   10.82808  0.51472E+01  0.11762E+01  0.12477E+01  0.00000E+00
   11.36949  0.50406E+01  0.11682E+01  0.12328E+01  0.00000E+00
   11.91089  0.49481E+01  0.11607E+01  0.12192E+01  0.00000E+00
   12.45230  0.48675E+01  0.11538E+01  0.12069E+01  0.00000E+00
   12.99370  0.47967E+01  0.11474E+01  0.11957E+01  0.00000E+00
   13.53510  0.47342E+01  0.11414E+01  0.11854E+01  0.00000E+00
   14.07651  0.46788E+01  0.11358E+01  0.11761E+01  0.00000E+00
   14.61791  0.46295E+01  0.11306E+01  0.11675E+01  0.00000E+00
   15.15932  0.45853E+01  0.11257E+01  0.11596E+01  0.00000E+00
   15.70072  0.45456E+01  0.11211E+01  0.11524E+01  0.00000E+00
   15.76279  0.45414E+01  0.11206E+01  0.11516E+01  0.00000E+00
   16.26956  0.45082E+01  0.11166E+01  0.11454E+01  0.00000E+00
   17.33979  0.44474E+01  0.11088E+01  0.11336E+01  0.00000E+00
   19.09901  0.43687E+01  0.10980E+01  0.11177E+01  0.00000E+00
   21.76990  0.42838E+01  0.10848E+01  0.10993E+01  0.00000E+00
   25.72708  0.42032E+01  0.10705E+01  0.10805E+01  0.00000E+00
   31.59984  0.41347E+01  0.10563E+01  0.10628E+01  0.00000E+00
   40.46801  0.40821E+01  0.10431E+01  0.10473E+01  0.00000E+00
   54.24763  0.40457E+01  0.10315E+01  0.10343E+01  0.00000E+00
   76.48088  0.40230E+01  0.10216E+01  0.10233E+01  0.00000E+00
  114.01807  0.40103E+01  0.10132E+01  0.10142E+01  0.00000E+00
  180.70527  0.40041E+01  0.10069E+01  0.10074E+01  0.00000E+00
  305.43401  0.40014E+01  0.10030E+01  0.10031E+01  0.00000E+00
  547.86143  0.40004E+01  0.10012E+01  0.10011E+01  0.00000E+00
 1014.49266  0.40001E+01  0.10005E+01  0.10004E+01  0.00000E+00
 1791.92371  0.40000E+01  0.10003E+01  0.10002E+01  0.00000E+00
 2584.70347  0.40000E+01  0.10002E+01  0.10001E+01  0.00000E+00
 2720.55577  0.40000E+01  0.10002E+01  0.10001E+01  0.00000E+00
