  0.00000  0.00000000E+00  0.00000000E+00  0.00000000E+00  0.00000000E+00
  0.01000  0.00000000E+00  0.00000000E+00  0.00000000E+00  0.00000000E+00
  0.02000  0.00000000E+00  0.00000000E+00  0.00000000E+00  0.00000000E+00
  0.03000  0.00000000E+00  0.00000000E+00  0.00000000E+00  0.00000000E+00
  0.04000  0.00000000E+00  0.00000000E+00  0.00000000E+00  0.00000000E+00
  0.05000  0.00000000E+00  0.00000000E+00  0.00000000E+00  0.00000000E+00
  0.06000  0.00000000E+00  0.00000000E+00  0.00000000E+00  0.00000000E+00
  0.07000  0.00000000E+00  0.00000000E+00  0.00000000E+00  0.00000000E+00
  0.08000  0.00000000E+00  0.00000000E+00  0.00000000E+00  0.00000000E+00
  0.09000  0.00000000E+00  0.00000000E+00  0.00000000E+00  0.00000000E+00
  0.10000  0.00000000E+00  0.00000000E+00  0.00000000E+00  0.00000000E+00
  0.11000  0.00000000E+00  0.00000000E+00  0.00000000E+00  0.00000000E+00
  0.12000  0.00000000E+00  0.00000000E+00  0.00000000E+00  0.00000000E+00
  0.13000  0.00000000E+00  0.00000000E+00  0.00000000E+00  0.00000000E+00
  0.14000  0.00000000E+00  0.00000000E+00  0.00000000E+00  0.00000000E+00
  0.15000  0.00000000E+00  0.00000000E+00  0.00000000E+00  0.00000000E+00
  0.16000  0.00000000E+00  0.00000000E+00  0.00000000E+00  0.00000000E+00
  0.17000  0.00000000E+00  0.00000000E+00  0.00000000E+00  0.00000000E+00
  0.18000  0.00000000E+00  0.00000000E+00  0.00000000E+00  0.00000000E+00
  0.19000  0.00000000E+00  0.00000000E+00  0.00000000E+00  0.00000000E+00
  0.20000  0.00000000E+00  0.00000000E+00  0.00000000E+00  0.00000000E+00
  0.21000  0.00000000E+00  0.00000000E+00  0.00000000E+00  0.00000000E+00
  0.22000  0.00000000E+00  0.00000000E+00  0.00000000E+00  0.00000000E+00
  0.23000  0.00000000E+00  0.00000000E+00  0.00000000E+00  0.00000000E+00
  0.24000  0.00000000E+00  0.00000000E+00  0.00000000E+00  0.00000000E+00
  0.25000  0.00000000E+00  0.00000000E+00  0.00000000E+00  0.00000000E+00
  0.26000  0.00000000E+00  0.00000000E+00  0.00000000E+00  0.00000000E+00
  0.27000  0.00000000E+00  0.00000000E+00  0.00000000E+00  0.00000000E+00
  0.28000  0.00000000E+00  0.00000000E+00  0.00000000E+00  0.00000000E+00
  0.29000  0.00000000E+00  0.00000000E+00  0.00000000E+00  0.00000000E+00
  0.30000  0.00000000E+00  0.00000000E+00  0.00000000E+00  0.00000000E+00
  0.31000  0.00000000E+00  0.00000000E+00  0.00000000E+00  0.00000000E+00
  0.32000  0.00000000E+00  0.00000000E+00  0.00000000E+00  0.00000000E+00
  0.33000  0.00000000E+00  0.00000000E+00  0.00000000E+00  0.00000000E+00
  0.34000  0.00000000E+00  0.00000000E+00  0.00000000E+00  0.00000000E+00
  0.35000  0.00000000E+00  0.00000000E+00  0.00000000E+00  0.00000000E+00
  0.36000  0.00000000E+00  0.00000000E+00  0.00000000E+00  0.00000000E+00
  0.37000  0.00000000E+00  0.00000000E+00  0.00000000E+00  0.00000000E+00
  0.38000  0.00000000E+00  0.00000000E+00  0.00000000E+00  0.00000000E+00
  0.39000  0.00000000E+00  0.00000000E+00  0.00000000E+00  0.00000000E+00
  0.40000  0.00000000E+00  0.00000000E+00  0.00000000E+00  0.00000000E+00
  0.41000  0.00000000E+00  0.00000000E+00  0.00000000E+00  0.00000000E+00
  0.42000  0.00000000E+00  0.00000000E+00  0.00000000E+00  0.00000000E+00
  0.43000  0.00000000E+00  0.00000000E+00  0.00000000E+00  0.00000000E+00
  0.44000  0.00000000E+00  0.00000000E+00  0.00000000E+00  0.00000000E+00
  0.45000  0.00000000E+00  0.00000000E+00  0.00000000E+00  0.00000000E+00
  0.46000  0.00000000E+00  0.00000000E+00  0.00000000E+00  0.00000000E+00
  0.47000  0.00000000E+00  0.00000000E+00  0.00000000E+00  0.00000000E+00
  0.48000  0.00000000E+00  0.00000000E+00  0.00000000E+00  0.00000000E+00
  0.49000  0.00000000E+00  0.00000000E+00  0.00000000E+00  0.00000000E+00
  0.50000  0.00000000E+00  0.00000000E+00  0.00000000E+00  0.00000000E+00
  0.51000  0.00000000E+00  0.00000000E+00  0.00000000E+00  0.00000000E+00
  0.52000  0.00000000E+00  0.00000000E+00  0.00000000E+00  0.00000000E+00
  0.53000  0.00000000E+00  0.00000000E+00  0.00000000E+00  0.00000000E+00
  0.54000  0.00000000E+00  0.00000000E+00  0.00000000E+00  0.00000000E+00
  0.55000  0.00000000E+00  0.00000000E+00  0.00000000E+00  0.00000000E+00
  0.56000  0.00000000E+00  0.00000000E+00  0.00000000E+00  0.00000000E+00
  0.57000  0.00000000E+00  0.00000000E+00  0.00000000E+00  0.00000000E+00
  0.58000  0.00000000E+00  0.00000000E+00  0.00000000E+00  0.00000000E+00
  0.59000  0.00000000E+00  0.00000000E+00  0.00000000E+00  0.00000000E+00
  0.60000  0.00000000E+00  0.00000000E+00  0.00000000E+00  0.00000000E+00
  0.61000  0.00000000E+00  0.00000000E+00  0.00000000E+00  0.00000000E+00
  0.62000  0.00000000E+00  0.00000000E+00  0.00000000E+00  0.00000000E+00
  0.63000  0.00000000E+00  0.00000000E+00  0.00000000E+00  0.00000000E+00
  0.64000  0.00000000E+00  0.00000000E+00  0.00000000E+00  0.00000000E+00
  0.65000  0.00000000E+00  0.00000000E+00  0.00000000E+00  0.00000000E+00
  0.66000  0.00000000E+00  0.00000000E+00  0.00000000E+00  0.00000000E+00
  0.67000  0.00000000E+00  0.00000000E+00  0.00000000E+00  0.00000000E+00
  0.68000  0.00000000E+00  0.00000000E+00  0.00000000E+00  0.00000000E+00
  0.69000  0.00000000E+00  0.00000000E+00  0.00000000E+00  0.00000000E+00
  0.70000  0.00000000E+00  0.00000000E+00  0.00000000E+00  0.00000000E+00
  0.71000  0.00000000E+00  0.00000000E+00  0.00000000E+00  0.00000000E+00
  0.72000  0.00000000E+00  0.00000000E+00  0.00000000E+00  0.00000000E+00
  0.73000  0.00000000E+00  0.00000000E+00  0.00000000E+00  0.00000000E+00
  0.74000  0.00000000E+00  0.00000000E+00  0.00000000E+00  0.00000000E+00
  0.75000  0.00000000E+00  0.00000000E+00  0.00000000E+00  0.00000000E+00
  0.76000  0.00000000E+00  0.00000000E+00  0.00000000E+00  0.00000000E+00
  0.77000  0.00000000E+00  0.00000000E+00  0.00000000E+00  0.00000000E+00
  0.78000  0.00000000E+00  0.00000000E+00  0.00000000E+00  0.00000000E+00
  0.79000  0.00000000E+00  0.00000000E+00  0.00000000E+00  0.00000000E+00
  0.80000  0.00000000E+00  0.00000000E+00  0.00000000E+00  0.00000000E+00
  0.81000  0.00000000E+00  0.00000000E+00  0.00000000E+00  0.00000000E+00
  0.82000  0.00000000E+00  0.00000000E+00  0.00000000E+00  0.00000000E+00
  0.83000  0.00000000E+00  0.00000000E+00  0.00000000E+00  0.00000000E+00
  0.84000  0.00000000E+00  0.00000000E+00  0.00000000E+00  0.00000000E+00
  0.85000  0.00000000E+00  0.00000000E+00  0.00000000E+00  0.00000000E+00
  0.86000  0.00000000E+00  0.00000000E+00  0.00000000E+00  0.00000000E+00
  0.87000  0.00000000E+00  0.00000000E+00  0.00000000E+00  0.00000000E+00
  0.88000  0.00000000E+00  0.00000000E+00  0.00000000E+00  0.00000000E+00
  0.89000  0.00000000E+00  0.00000000E+00  0.00000000E+00  0.00000000E+00
  0.90000  0.00000000E+00  0.00000000E+00  0.00000000E+00  0.00000000E+00
  0.91000  0.00000000E+00  0.00000000E+00  0.00000000E+00  0.00000000E+00
  0.92000  0.00000000E+00  0.00000000E+00  0.00000000E+00  0.00000000E+00
  0.93000  0.00000000E+00  0.00000000E+00  0.00000000E+00  0.00000000E+00
  0.94000  0.00000000E+00  0.00000000E+00  0.00000000E+00  0.00000000E+00
  0.95000  0.00000000E+00  0.00000000E+00  0.00000000E+00  0.00000000E+00
  0.96000  0.00000000E+00  0.00000000E+00  0.00000000E+00  0.00000000E+00
  0.97000  0.00000000E+00  0.00000000E+00  0.00000000E+00  0.00000000E+00
  0.98000  0.00000000E+00  0.00000000E+00  0.00000000E+00  0.00000000E+00
  0.99000  0.00000000E+00  0.00000000E+00  0.00000000E+00  0.00000000E+00
  1.00000  0.00000000E+00  0.00000000E+00  0.00000000E+00  0.00000000E+00
