    0.00000 -0.68501E-01 -0.26652E-01 -0.25778E-01  0.00000E+00
    0.54140 -0.85098E-08 -0.15032E-01 -0.18944E-01  0.00000E+00
    1.08281 -0.85068E-08 -0.14258E-01 -0.16867E-01  0.00000E+00
    1.62421 -0.85019E-08 -0.13250E-01 -0.14814E-01  0.00000E+00
    2.16562 -0.84955E-08 -0.12206E-01 -0.13034E-01  0.00000E+00
    2.70702 -0.84871E-08 -0.11229E-01 -0.11524E-01  0.00000E+00
    3.24842 -0.84778E-08 -0.10351E-01 -0.10244E-01  0.00000E+00
    3.78983 -0.84673E-08 -0.95745E-02 -0.91567E-02  0.00000E+00
    4.33123 -0.84541E-08 -0.88881E-02 -0.82275E-02  0.00000E+00
    4.87264 -0.84402E-08 -0.82797E-02 -0.74291E-02  0.00000E+00
    5.41404 -0.84260E-08 -0.77376E-02 -0.67393E-02  0.00000E+00
    5.95545 -0.84104E-08 -0.72522E-02 -0.61402E-02  0.00000E+00
    6.49685 -0.83929E-08 -0.68154E-02 -0.56172E-02  0.00000E+00
    7.03825 -0.83738E-08 -0.64206E-02 -0.51585E-02  0.00000E+00
    7.57966 -0.83535E-08 -0.60623E-02 -0.47545E-02  0.00000E+00
    8.12106 -0.83324E-08 -0.57359E-02 -0.43972E-02  0.00000E+00
    8.66247 -0.83104E-08 -0.54378E-02 -0.40799E-02  0.00000E+00
    9.20387 -0.82877E-08 -0.51645E-02 -0.37972E-02  0.00000E+00
    9.74527 -0.82641E-08 -0.49135E-02 -0.35445E-02  0.00000E+00
   10.28668 -0.82396E-08 -0.46823E-02 -0.33177E-02  0.00000E+00
   10.82808 -0.82140E-08 -0.44689E-02 -0.31136E-02  0.00000E+00
   11.36949 -0.81875E-08 -0.42715E-02 -0.29293E-02  0.00000E+00
   11.91089 -0.81601E-08 -0.40885E-02 -0.27626E-02  0.00000E+00
   12.45230 -0.81317E-08 -0.39186E-02 -0.26112E-02  0.00000E+00
   12.99370 -0.81025E-08 -0.37606E-02 -0.24734E-02  0.00000E+00
   13.53510 -0.80725E-08 -0.36134E-02 -0.23476E-02  0.00000E+00
   14.07651 -0.80417E-08 -0.34759E-02 -0.22326E-02  0.00000E+00
   14.61791 -0.80103E-08 -0.33475E-02 -0.21271E-02  0.00000E+00
   15.15932 -0.79783E-08 -0.32273E-02 -0.20302E-02  0.00000E+00
   15.70072 -0.79457E-08 -0.31147E-02 -0.19410E-02  0.00000E+00
   15.76279 -0.79419E-08 -0.31025E-02 -0.19315E-02  0.00000E+00
   16.26956 -0.79109E-08 -0.30039E-02 -0.18547E-02  0.00000E+00
   17.33979 -0.78439E-08 -0.28136E-02 -0.17100E-02  0.00000E+00
   19.09901 -0.77298E-08 -0.25459E-02 -0.15138E-02  0.00000E+00
   21.76990 -0.75487E-08 -0.22205E-02 -0.12868E-02  0.00000E+00
   25.72708 -0.72672E-08 -0.18646E-02 -0.10528E-02  0.00000E+00
   31.59984 -0.68333E-08 -0.15062E-02 -0.83127E-03  0.00000E+00
   40.46801 -0.61766E-08 -0.11681E-02 -0.63377E-03  0.00000E+00
   54.24763 -0.52257E-08 -0.86198E-03 -0.46232E-03  0.00000E+00
   76.48088 -0.39722E-08 -0.58994E-03 -0.31378E-03  0.00000E+00
  114.01807 -0.25742E-08 -0.35752E-03 -0.18867E-03  0.00000E+00
  180.70527 -0.13528E-08 -0.18145E-03 -0.95028E-04  0.00000E+00
  305.43401 -0.56230E-09 -0.74289E-04 -0.38679E-04  0.00000E+00
  547.86143 -0.18952E-09 -0.24881E-04 -0.12917E-04  0.00000E+00
 1014.49266 -0.56899E-10 -0.74555E-05 -0.38661E-05  0.00000E+00
 1791.92371 -0.18402E-10 -0.24112E-05 -0.12497E-05  0.00000E+00
 2584.70347 -0.88631E-11 -0.11611E-05 -0.60171E-06  0.00000E+00
 2720.55577 -0.80011E-11 -0.10481E-05 -0.54316E-06  0.00000E+00
