 0.00E+00  0.00000  0.07338  0.24721  0.44637  0.20198  0.37218  0.52006
  0.31901  0.48007  0.20336  0.29842  0.46943  0.43420  0.44004
  0.51800  0.64620
 0.40E-01  0.00000  0.10159  0.26718  0.45700  0.22746  0.39528  0.53101
  0.34514  0.50847  0.21380  0.33113  0.48397  0.46603  0.45250
  0.55084  0.65058
 0.80E-01  0.00000  0.14626  0.30350  0.48054  0.26566  0.42800  0.55317
  0.38930  0.53953  0.24081  0.36603  0.50931  0.49484  0.47376
  0.57876  0.66217
 0.12E+00  0.00000  0.19793  0.34304  0.50789  0.30747  0.46054  0.57751
  0.42960  0.56630  0.27832  0.39976  0.53574  0.52141  0.50014
  0.60228  0.67794
 0.16E+00  0.00000  0.25507  0.38400  0.53588  0.35144  0.49267  0.60151
  0.46656  0.59094  0.32203  0.43433  0.56205  0.54812  0.52790
  0.62482  0.69511
 0.20E+00  0.00000  0.31472  0.42522  0.56340  0.39610  0.52405  0.62443
  0.50150  0.61415  0.36887  0.46924  0.58763  0.57448  0.55561
  0.64638  0.71203
 0.24E+00  0.00000  0.37408  0.46565  0.58990  0.44023  0.55432  0.64605
  0.53474  0.63611  0.41645  0.50372  0.61212  0.59999  0.58260
  0.66675  0.72797
 0.28E+00  0.00000  0.43099  0.50450  0.61508  0.48283  0.58316  0.66635
  0.56623  0.65685  0.46299  0.53712  0.63531  0.62433  0.60849
  0.68583  0.74273
 0.32E+00  0.00000  0.48380  0.54122  0.63877  0.52315  0.61037  0.68533
  0.59582  0.67637  0.50727  0.56894  0.65711  0.64731  0.63303
  0.70360  0.75632
 0.36E+00  0.00000  0.53211  0.57552  0.66093  0.56078  0.63587  0.70305
  0.62347  0.69469  0.54853  0.59894  0.67751  0.66887  0.65612
  0.72014  0.76883
 0.40E+00  0.00000  0.57555  0.60724  0.68157  0.59548  0.65960  0.71956
  0.64914  0.71182  0.58642  0.62692  0.69652  0.68899  0.67769
  0.73550  0.78037
 0.44E+00  0.00000  0.61431  0.63638  0.70074  0.62720  0.68160  0.73492
  0.67287  0.72782  0.62084  0.65285  0.71420  0.70770  0.69776
  0.74976  0.79104
 0.48E+00  0.00000  0.64859  0.66299  0.71850  0.65603  0.70191  0.74921
  0.69470  0.74272  0.65188  0.67673  0.73060  0.72506  0.71636
  0.76301  0.80093
 0.52E+00  0.00000  0.67888  0.68721  0.73494  0.68210  0.72064  0.76250
  0.71475  0.75659  0.67974  0.69864  0.74582  0.74113  0.73356
  0.77530  0.81012
 0.56E+00  0.00000  0.70559  0.70920  0.75013  0.70562  0.73785  0.77484
  0.73311  0.76949  0.70467  0.71869  0.75991  0.75598  0.74943
  0.78673  0.81867
 0.60E+00  0.00000  0.72918  0.72914  0.76416  0.72680  0.75367  0.78631
  0.74990  0.78147  0.72695  0.73700  0.77295  0.76971  0.76405
  0.79734  0.82664
 0.64E+00  0.00000  0.75001  0.74720  0.77712  0.74587  0.76820  0.79697
  0.76526  0.79261  0.74686  0.75370  0.78503  0.78238  0.77753
  0.80721  0.83408
 0.68E+00  0.00000  0.76846  0.76356  0.78908  0.76304  0.78152  0.80688
  0.77928  0.80295  0.76465  0.76892  0.79621  0.79408  0.78993
  0.81639  0.84104
 0.72E+00  0.00000  0.78481  0.77839  0.80013  0.77850  0.79376  0.81609
  0.79211  0.81255  0.78058  0.78280  0.80655  0.80488  0.80134
  0.82492  0.84755
 0.76E+00  0.00000  0.79937  0.79184  0.81034  0.79245  0.80499  0.82466
  0.80383  0.82148  0.79486  0.79545  0.81614  0.81485  0.81185
  0.83288  0.85366
 0.80E+00  0.00000  0.81233  0.80405  0.81978  0.80504  0.81531  0.83263
  0.81456  0.82978  0.80768  0.80700  0.82502  0.82407  0.82154
  0.84029  0.85938
 0.84E+00  0.00000  0.82393  0.81515  0.82851  0.81643  0.82480  0.84006
  0.82439  0.83750  0.81922  0.81755  0.83325  0.83259  0.83046
  0.84720  0.86476
 0.88E+00  0.00000  0.83433  0.82525  0.83660  0.82675  0.83354  0.84698
  0.83340  0.84469  0.82963  0.82720  0.84089  0.84048  0.83870
  0.85365  0.86981
 0.92E+00  0.00000  0.84368  0.83447  0.84409  0.83613  0.84158  0.85344
  0.84167  0.85138  0.83905  0.83604  0.84799  0.84778  0.84631
  0.85967  0.87456
 0.96E+00  0.00000  0.85211  0.84289  0.85103  0.84466  0.84901  0.85947
  0.84928  0.85762  0.84758  0.84414  0.85458  0.85455  0.85334
  0.86530  0.87904
 0.99E+00  0.00000  0.85975  0.85060  0.85748  0.85245  0.85587  0.86510
  0.85628  0.86344  0.85534  0.85158  0.86072  0.86084  0.85984
  0.87057  0.88325
 0.10E+01  0.00000  0.86667  0.85767  0.86348  0.85956  0.86221  0.87036
  0.86274  0.86887  0.86240  0.85843  0.86644  0.86668  0.86587
  0.87550  0.88723
 0.11E+01  0.00000  0.87298  0.86417  0.86906  0.86607  0.86808  0.87529
  0.86871  0.87395  0.86885  0.86474  0.87177  0.87211  0.87147
  0.88013  0.89098
 0.11E+01  0.00000  0.87873  0.87015  0.87425  0.87205  0.87353  0.87991
  0.87422  0.87870  0.87476  0.87056  0.87674  0.87717  0.87666
  0.88446  0.89453
 0.12E+01  0.00000  0.88399  0.87566  0.87910  0.87754  0.87859  0.88423
  0.87933  0.88315  0.88018  0.87595  0.88139  0.88188  0.88149
  0.88854  0.89788
 0.12E+01  0.00000  0.88454  0.87624  0.87961  0.87812  0.87912  0.88470
  0.87987  0.88362  0.88075  0.87652  0.88188  0.88239  0.88201
  0.88897  0.89824
 0.12E+01  0.00000  0.88904  0.88099  0.88384  0.88284  0.88351  0.88849
  0.88430  0.88752  0.88539  0.88117  0.88594  0.88649  0.88620
  0.89255  0.90120
 0.13E+01  0.00000  0.89746  0.88995  0.89191  0.89172  0.89186  0.89580
  0.89268  0.89500  0.89410  0.88996  0.89372  0.89434  0.89421
  0.89944  0.90697
 0.14E+01  0.00000  0.90873  0.90211  0.90312  0.90372  0.90335  0.90605
  0.90417  0.90547  0.90581  0.90196  0.90455  0.90523  0.90525
  0.90916  0.91522
 0.16E+01  0.00000  0.92159  0.91619  0.91646  0.91753  0.91687  0.91845
  0.91761  0.91808  0.91923  0.91592  0.91751  0.91819  0.91830
  0.92095  0.92547
 0.19E+01  0.00000  0.93468  0.93072  0.93064  0.93171  0.93108  0.93188
  0.93165  0.93167  0.93295  0.93042  0.93137  0.93196  0.93208
  0.93380  0.93692
 0.23E+01  0.00000  0.94703  0.94452  0.94446  0.94512  0.94478  0.94521
  0.94513  0.94508  0.94592  0.94425  0.94496  0.94539  0.94543
  0.94663  0.94870
 0.30E+01  0.00000  0.95820  0.95689  0.95705  0.95716  0.95719  0.95755
  0.95732  0.95745  0.95759  0.95671  0.95741  0.95766  0.95759
  0.95858  0.95996
 0.40E+01  0.00000  0.96827  0.96779  0.96815  0.96783  0.96813  0.96852
  0.96809  0.96843  0.96800  0.96768  0.96842  0.96851  0.96835
  0.96925  0.97020
 0.56E+01  0.00000  0.97752  0.97748  0.97788  0.97741  0.97780  0.97815
  0.97768  0.97808  0.97745  0.97741  0.97808  0.97809  0.97790
  0.97866  0.97929
 0.84E+01  0.00000  0.98586  0.98596  0.98626  0.98587  0.98619  0.98644
  0.98608  0.98639  0.98587  0.98592  0.98639  0.98638  0.98623
  0.98676  0.98711
 0.13E+02  0.00000  0.99254  0.99263  0.99279  0.99257  0.99276  0.99289
  0.99268  0.99286  0.99256  0.99261  0.99287  0.99286  0.99276
  0.99306  0.99318
 0.22E+02  0.00000  0.99681  0.99685  0.99692  0.99683  0.99691  0.99696
  0.99687  0.99695  0.99682  0.99684  0.99696  0.99696  0.99691
  0.99703  0.99702
 0.40E+02  0.00000  0.99885  0.99886  0.99889  0.99885  0.99889  0.99890
  0.99887  0.99890  0.99885  0.99886  0.99890  0.99890  0.99889
  0.99892  0.99886
 0.75E+02  0.00000  0.99958  0.99958  0.99960  0.99958  0.99959  0.99960
  0.99959  0.99960  0.99958  0.99959  0.99960  0.99960  0.99960
  0.99960  0.99952
 0.13E+03  0.00000  0.99979  0.99979  0.99980  0.99979  0.99980  0.99980
  0.99980  0.99981  0.99980  0.99980  0.99981  0.99981  0.99980
  0.99980  0.99971
 0.19E+03  0.00000  0.99984  0.99985  0.99985  0.99985  0.99985  0.99985
  0.99985  0.99986  0.99985  0.99985  0.99986  0.99986  0.99985
  0.99985  0.99976
 0.20E+03  0.00000  0.99985  0.99985  0.99986  0.99985  0.99986  0.99986
  0.99986  0.99986  0.99985  0.99985  0.99986  0.99986  0.99986
  0.99985  0.99976
