    1  0.53495E+00  0.45226E-02  0.70057E-02  0.00000E+00
    2  0.53495E+00  0.45226E-02  0.81562E-02  0.00000E+00
    3  0.53495E+00  0.45226E-02  0.87722E-02  0.00000E+00
    4  0.56539E+00  0.51971E-02  0.88872E-02  0.00000E+00
    5  0.56539E+00  0.51971E-02  0.16221E-01  0.00000E+00
    6  0.56539E+00  0.51971E-02  0.18347E-01  0.00000E+00
    7  0.61248E+00  0.79671E-02  0.19353E-01  0.00000E+00
    8  0.61675E+00  0.79671E-02  0.20106E-01  0.00000E+00
    9  0.61675E+00  0.83637E-02  0.20741E-01  0.00000E+00
   10  0.61839E+00  0.83637E-02  0.21353E-01  0.00000E+00
   11  0.61839E+00  0.83637E-02  0.24429E-01  0.00000E+00
   12  0.61839E+00  0.16275E-01  0.24732E-01  0.00000E+00
   13  0.62416E+00  0.23508E-01  0.24777E-01  0.00000E+00
   14  0.62416E+00  0.23508E-01  0.27182E-01  0.00000E+00
   15  0.62416E+00  0.31894E-01  0.27377E-01  0.00000E+00
   16  0.65076E+00  0.31894E-01  0.27860E-01  0.00000E+00
   17  0.65169E+00  0.31894E-01  0.28028E-01  0.00000E+00
   18  0.65169E+00  0.31894E-01  0.28226E-01  0.00000E+00
   19  0.65169E+00  0.39434E-01  0.28955E-01  0.00000E+00
   20  0.65254E+00  0.39434E-01  0.31596E-01  0.00000E+00
   21  0.65254E+00  0.39434E-01  0.40117E-01  0.00000E+00
   22  0.74325E+00  0.64020E-01  0.64054E-01  0.00000E+00
   23  0.76710E+00  0.97717E-01  0.97690E-01  0.00000E+00
   24  0.76710E+00  0.97717E-01  0.97700E-01  0.00000E+00
   25  0.76710E+00  0.97717E-01  0.97738E-01  0.00000E+00
   26  0.77594E+00  0.20067E+00  0.20063E+00  0.00000E+00
   27  0.77594E+00  0.20067E+00  0.20099E+00  0.00000E+00
   28  0.77594E+00  0.20067E+00  0.20108E+00  0.00000E+00
   29  0.79797E+00  0.20152E+00  0.20131E+00  0.00000E+00
   30  0.79797E+00  0.20152E+00  0.20140E+00  0.00000E+00
   31  0.79797E+00  0.33904E+00  0.33817E+00  0.00000E+00
   32  0.92429E+00  0.33904E+00  0.33957E+00  0.00000E+00
   33  0.92429E+00  0.33904E+00  0.33974E+00  0.00000E+00
   34  0.93543E+00  0.34064E+00  0.34045E+00  0.00000E+00
   35  0.93543E+00  0.34064E+00  0.34089E+00  0.00000E+00
   36  0.93543E+00  0.34064E+00  0.34137E+00  0.00000E+00
   37  0.94055E+00  0.34158E+00  0.34140E+00  0.00000E+00
   38  0.96181E+00  0.43649E+00  0.43452E+00  0.00000E+00
   39  0.96181E+00  0.43649E+00  0.44526E+00  0.00000E+00
   40  0.96181E+00  0.43649E+00  0.44899E+00  0.00000E+00
   41  0.97649E+00  0.45234E+00  0.44998E+00  0.00000E+00
   42  0.97649E+00  0.45234E+00  0.45386E+00  0.00000E+00
   43  0.97649E+00  0.45234E+00  0.45588E+00  0.00000E+00
   44  0.98600E+00  0.45951E+00  0.45645E+00  0.00000E+00
   45  0.98600E+00  0.46460E+00  0.45664E+00  0.00000E+00
   46  0.98952E+00  0.46460E+00  0.45895E+00  0.00000E+00
   47  0.10931E+01  0.46760E+00  0.46139E+00  0.00000E+00
   48  0.11184E+01  0.46760E+00  0.46628E+00  0.00000E+00
   49  0.11184E+01  0.46760E+00  0.46884E+00  0.00000E+00
   50  0.11184E+01  0.46957E+00  0.46909E+00  0.00000E+00
   51  0.11487E+01  0.46957E+00  0.47128E+00  0.00000E+00
   52  0.11487E+01  0.46957E+00  0.47287E+00  0.00000E+00
   53  0.11487E+01  0.47242E+00  0.47292E+00  0.00000E+00
   54  0.11923E+01  0.47242E+00  0.47365E+00  0.00000E+00
   55  0.11923E+01  0.52696E+00  0.51539E+00  0.00000E+00
   56  0.11923E+01  0.52696E+00  0.53409E+00  0.00000E+00
   57  0.13864E+01  0.52696E+00  0.53587E+00  0.00000E+00
   58  0.13864E+01  0.54928E+00  0.54662E+00  0.00000E+00
   59  0.14105E+01  0.54928E+00  0.55341E+00  0.00000E+00
   60  0.14105E+01  0.54928E+00  0.56039E+00  0.00000E+00
   61  0.14105E+01  0.56446E+00  0.56046E+00  0.00000E+00
   62  0.14147E+01  0.58709E+00  0.58574E+00  0.00000E+00
   63  0.14709E+01  0.58709E+00  0.58911E+00  0.00000E+00
   64  0.14709E+01  0.58709E+00  0.61209E+00  0.00000E+00
   65  0.14709E+01  0.59147E+00  0.61570E+00  0.00000E+00
   66  0.15033E+01  0.62824E+00  0.61682E+00  0.00000E+00
   67  0.15033E+01  0.63312E+00  0.61686E+00  0.00000E+00
   68  0.15033E+01  0.63312E+00  0.62159E+00  0.00000E+00
   69  0.15255E+01  0.63999E+00  0.62641E+00  0.00000E+00
   70  0.15255E+01  0.63999E+00  0.63821E+00  0.00000E+00
   71  0.15348E+01  0.63999E+00  0.64373E+00  0.00000E+00
   72  0.16893E+01  0.64545E+00  0.64407E+00  0.00000E+00
   73  0.17645E+01  0.64545E+00  0.65172E+00  0.00000E+00
   74  0.17645E+01  0.64545E+00  0.65385E+00  0.00000E+00
   75  0.17645E+01  0.65498E+00  0.65461E+00  0.00000E+00
   76  0.18142E+01  0.65498E+00  0.65573E+00  0.00000E+00
   77  0.18142E+01  0.76277E+00  0.73994E+00  0.00000E+00
   78  0.18142E+01  0.76277E+00  0.74200E+00  0.00000E+00
   79  0.19192E+01  0.76277E+00  0.76784E+00  0.00000E+00
   80  0.19192E+01  0.76619E+00  0.76969E+00  0.00000E+00
   81  0.19192E+01  0.76619E+00  0.77596E+00  0.00000E+00
   82  0.22798E+01  0.76619E+00  0.78086E+00  0.00000E+00
   83  0.22798E+01  0.78929E+00  0.78098E+00  0.00000E+00
   84  0.23448E+01  0.78929E+00  0.79087E+00  0.00000E+00
   85  0.23448E+01  0.78929E+00  0.79346E+00  0.00000E+00
   86  0.23448E+01  0.79742E+00  0.79597E+00  0.00000E+00
   87  0.23786E+01  0.85363E+00  0.87220E+00  0.00000E+00
   88  0.25111E+01  0.89699E+00  0.89709E+00  0.00000E+00
   89  0.25111E+01  0.89699E+00  0.92494E+00  0.00000E+00
   90  0.25111E+01  0.89699E+00  0.92659E+00  0.00000E+00
   91  0.26045E+01  0.95518E+00  0.94383E+00  0.00000E+00
   92  0.26045E+01  0.95518E+00  0.94501E+00  0.00000E+00
   93  0.26045E+01  0.97006E+00  0.94603E+00  0.00000E+00
   94  0.26709E+01  0.97523E+00  0.95839E+00  0.00000E+00
   95  0.26709E+01  0.97523E+00  0.96037E+00  0.00000E+00
   96  0.27022E+01  0.97681E+00  0.97032E+00  0.00000E+00
   97  0.29517E+01  0.97681E+00  0.97775E+00  0.00000E+00
   98  0.31356E+01  0.97681E+00  0.98066E+00  0.00000E+00
   99  0.31356E+01  0.97812E+00  0.98803E+00  0.00000E+00
  100  0.31356E+01  0.97812E+00  0.99110E+00  0.00000E+00
  101  0.32778E+01  0.97812E+00  0.99485E+00  0.00000E+00
  102  0.32778E+01  0.11055E+01  0.10519E+01  0.00000E+00
  103  0.32778E+01  0.11055E+01  0.10659E+01  0.00000E+00
  104  0.36352E+01  0.11055E+01  0.11290E+01  0.00000E+00
  105  0.36352E+01  0.11346E+01  0.11361E+01  0.00000E+00
  106  0.36352E+01  0.11346E+01  0.11513E+01  0.00000E+00
  107  0.44254E+01  0.11346E+01  0.11559E+01  0.00000E+00
  108  0.44254E+01  0.11770E+01  0.11614E+01  0.00000E+00
  109  0.46844E+01  0.11770E+01  0.11801E+01  0.00000E+00
  110  0.46844E+01  0.11770E+01  0.11842E+01  0.00000E+00
  111  0.46844E+01  0.11918E+01  0.11891E+01  0.00000E+00
  112  0.47692E+01  0.12829E+01  0.13012E+01  0.00000E+00
  113  0.54006E+01  0.13322E+01  0.13322E+01  0.00000E+00
  114  0.54006E+01  0.13322E+01  0.13879E+01  0.00000E+00
  115  0.54006E+01  0.13322E+01  0.13911E+01  0.00000E+00
  116  0.58127E+01  0.14521E+01  0.14283E+01  0.00000E+00
  117  0.58127E+01  0.14521E+01  0.14312E+01  0.00000E+00
  118  0.58127E+01  0.14881E+01  0.14361E+01  0.00000E+00
  119  0.61567E+01  0.15007E+01  0.14632E+01  0.00000E+00
  120  0.61567E+01  0.15007E+01  0.14655E+01  0.00000E+00
  121  0.63726E+01  0.15042E+01  0.14888E+01  0.00000E+00
  122  0.66488E+01  0.15042E+01  0.15068E+01  0.00000E+00
  123  0.70347E+01  0.15042E+01  0.15138E+01  0.00000E+00
  124  0.70347E+01  0.15081E+01  0.15308E+01  0.00000E+00
  125  0.70347E+01  0.15081E+01  0.15382E+01  0.00000E+00
  126  0.77763E+01  0.15081E+01  0.15476E+01  0.00000E+00
  127  0.77763E+01  0.17408E+01  0.16529E+01  0.00000E+00
  128  0.77763E+01  0.17408E+01  0.16669E+01  0.00000E+00
  129  0.10286E+02  0.17408E+01  0.17766E+01  0.00000E+00
  130  0.10286E+02  0.17776E+01  0.17858E+01  0.00000E+00
  131  0.10286E+02  0.17776E+01  0.18172E+01  0.00000E+00
  132  0.12652E+02  0.17776E+01  0.18360E+01  0.00000E+00
  133  0.12652E+02  0.18815E+01  0.18408E+01  0.00000E+00
  134  0.14100E+02  0.18815E+01  0.18891E+01  0.00000E+00
  135  0.15518E+02  0.18815E+01  0.18982E+01  0.00000E+00
  136  0.15518E+02  0.19188E+01  0.19108E+01  0.00000E+00
  137  0.15518E+02  0.20966E+01  0.21196E+01  0.00000E+00
  138  0.28778E+02  0.21577E+01  0.21558E+01  0.00000E+00
  139  0.28778E+02  0.21577E+01  0.22867E+01  0.00000E+00
  140  0.28778E+02  0.21577E+01  0.22904E+01  0.00000E+00
  141  0.51775E+04  0.24548E+01  0.23999E+01  0.00000E+00
  142  0.00000E+00  0.24548E+01  0.24012E+01  0.00000E+00
  143  0.00000E+00  0.25587E+01  0.24212E+01  0.00000E+00
  144  0.00000E+00  0.25957E+01  0.24907E+01  0.00000E+00
  145  0.00000E+00  0.25957E+01  0.24956E+01  0.00000E+00
  146  0.00000E+00  0.26062E+01  0.25613E+01  0.00000E+00
  147  0.00000E+00  0.26062E+01  0.26138E+01  0.00000E+00
  148  0.00000E+00  0.26062E+01  0.26355E+01  0.00000E+00
  149  0.00000E+00  0.26181E+01  0.26889E+01  0.00000E+00
  150  0.00000E+00  0.26181E+01  0.27126E+01  0.00000E+00
  151  0.00000E+00  0.26181E+01  0.27451E+01  0.00000E+00
  152  0.00000E+00  0.30692E+01  0.28438E+01  0.00000E+00
  153  0.00000E+00  0.30692E+01  0.28842E+01  0.00000E+00
  154  0.00000E+00  0.30692E+01  0.31680E+01  0.00000E+00
  155  0.00000E+00  0.31684E+01  0.31935E+01  0.00000E+00
  156  0.00000E+00  0.31684E+01  0.32830E+01  0.00000E+00
  157  0.00000E+00  0.31684E+01  0.33510E+01  0.00000E+00
  158  0.00000E+00  0.34956E+01  0.33568E+01  0.00000E+00
  159  0.00000E+00  0.34956E+01  0.35226E+01  0.00000E+00
  160  0.00000E+00  0.34956E+01  0.35552E+01  0.00000E+00
  161  0.00000E+00  0.36329E+01  0.36006E+01  0.00000E+00
  162  0.00000E+00  0.38835E+01  0.39473E+01  0.00000E+00
  163  0.00000E+00  0.40880E+01  0.40629E+01  0.00000E+00
  164  0.00000E+00  0.40880E+01  0.44468E+01  0.00000E+00
  165  0.00000E+00  0.40880E+01  0.44476E+01  0.00000E+00
  166  0.00000E+00  0.50867E+01  0.48907E+01  0.00000E+00
  167  0.00000E+00  0.50867E+01  0.49122E+01  0.00000E+00
  168  0.00000E+00  0.55713E+01  0.50853E+01  0.00000E+00
  169  0.00000E+00  0.57600E+01  0.53176E+01  0.00000E+00
  170  0.00000E+00  0.57600E+01  0.53259E+01  0.00000E+00
  171  0.00000E+00  0.58103E+01  0.56039E+01  0.00000E+00
  172  0.00000E+00  0.58103E+01  0.58471E+01  0.00000E+00
  173  0.00000E+00  0.58103E+01  0.59167E+01  0.00000E+00
  174  0.00000E+00  0.58750E+01  0.59652E+01  0.00000E+00
  175  0.00000E+00  0.58750E+01  0.61423E+01  0.00000E+00
  176  0.00000E+00  0.58750E+01  0.62758E+01  0.00000E+00
  177  0.00000E+00  0.67507E+01  0.64347E+01  0.00000E+00
  178  0.00000E+00  0.67507E+01  0.66934E+01  0.00000E+00
  179  0.00000E+00  0.67507E+01  0.72688E+01  0.00000E+00
  180  0.00000E+00  0.73444E+01  0.74067E+01  0.00000E+00
  181  0.00000E+00  0.73444E+01  0.78068E+01  0.00000E+00
  182  0.00000E+00  0.73444E+01  0.81409E+01  0.00000E+00
  183  0.00000E+00  0.90627E+01  0.81725E+01  0.00000E+00
  184  0.00000E+00  0.90627E+01  0.92807E+01  0.00000E+00
  185  0.00000E+00  0.90627E+01  0.95170E+01  0.00000E+00
  186  0.00000E+00  0.94875E+01  0.97623E+01  0.00000E+00
  187  0.00000E+00  0.10368E+02  0.99198E+01  0.00000E+00
  188  0.00000E+00  0.11184E+02  0.10623E+02  0.00000E+00
  189  0.00000E+00  0.11184E+02  0.12331E+02  0.00000E+00
  190  0.00000E+00  0.11184E+02  0.12795E+02  0.00000E+00
  191  0.00000E+00  0.19572E+02  0.16998E+02  0.00000E+00
  192  0.00000E+00  0.19572E+02  0.17365E+02  0.00000E+00
  193  0.00000E+00  0.29669E+02  0.19633E+02  0.00000E+00
  194  0.00000E+00  0.29669E+02  0.22821E+02  0.00000E+00
  195  0.00000E+00  0.29669E+02  0.47084E+02  0.00000E+00
  196  0.00000E+00  0.38794E+02  0.62159E+02  0.00000E+00
  197  0.00000E+00  0.00000E+00  0.00000E+00  0.00000E+00
  198  0.00000E+00  0.00000E+00  0.00000E+00  0.00000E+00
  199  0.00000E+00  0.00000E+00  0.00000E+00  0.00000E+00
