-153.28999999999996  7.39647387648561e-15  0.0
-77.02999999999997  3.831284658976067e-15  0.0
-51.609999999999985  3.0101813348610162e-15  0.0
-38.89999999999999  3.292633188293295e-14  0.0
-31.273999999999994  8.908261427390345e-10  0.0
-26.18999999999999  2.3102165488032794e-7  0.0
-22.558571428571423  6.399592039988764e-6  0.0
-19.834999999999994  5.3718991569006506e-5  0.0
-17.71666666666666  0.00022508102689551492  0.0
-16.022  0.0006125555429914437  0.0
-14.635454545454541  0.0012575463292349436  0.0
-13.479999999999995  0.002131149422708209  0.0
-12.502307692307689  0.003155977337317555  0.0
-11.664285714285711  0.004239535065925046  0.0
-10.937999999999997  0.005298903911105353  0.0
-10.302499999999997  0.0062723420776981155  0.0
-9.74176470588235  0.007121169741222486  0.0
-9.24333333333333  0.007826550880816586  0.0
-8.79736842105263  0.008384529549873324  0.0
-8.395999999999999  0.00880116135551608  0.0
-8.032857142857141  0.009088508186554123  0.0
-7.702727272727271  0.009261666033437983  0.0
-7.401304347826086  0.009336722789617587  0.0
-7.124999999999998  0.00932945228091259  0.0
-6.870799999999997  0.009254547479637418  0.0
-6.636153846153844  0.009125226607795427  0.0
-6.418888888888889  0.008953084494774747  0.0
-6.217142857142855  0.00874809682264166  0.0
-6.029310344827586  0.008518713339944764  0.0
-5.853999999999999  0.008271997360742033  0.0
-5.6899999999999995  0.008013784139459783  0.0
-5.536249999999999  0.00774884122417945  0.0
-5.391818181818181  0.007481020993540134  0.0
-5.255882352941175  0.007213400212118948  0.0
-5.127714285714285  0.006948404393320931  0.0
-5.006666666666666  0.006687916554339049  0.0
-4.89216216216216  0.006433371003924853  0.0
-4.7836842105263155  0.006185833359086829  0.0
-4.680769230769229  0.005946068230536019  0.0
-4.582999999999999  0.005714596090525305  0.0
-4.489999999999998  0.005491740768629055  0.0
-4.40142857142857  0.00527766892708442  0.0
-4.3169767441860465  0.005072422724335764  0.0
-4.236363636363635  0.004875946726934807  0.0
-4.159333333333333  0.004688109997553124  0.0
-4.085652173913043  0.004508724150812715  0.0
-4.015106382978723  0.004337558051880768  0.0
-3.947499999999999  0.004174349727440829  0.0
-3.882653061224489  0.004018815972649451  0.0
-3.820399999999999  0.003870660053165053  0.0
-3.760588235294117  0.0037295778422407892  0.0
-3.7030769230769223  0.003595262668081185  0.0
-3.647735849056603  0.0034674091107565978  0.0
-3.594444444444444  0.0033457159352699157  0.0
-3.543090909090908  0.003229888325826479  0.0
-3.493571428571428  0.0031196395487252614  0.0
-3.4457894736842096  0.00301469215698069  0.0
-3.3996551724137927  0.002914778822774986  0.0
-3.3550847457627113  0.0028196428746696907  0.0
-3.3119999999999994  0.0027290385978147916  0.0
-3.2703278688524584  0.002642731347985114  0.0
-3.2299999999999995  0.002560497518806655  0.0
-3.19095238095238  0.0024821243974163716  0.0
-3.1531249999999993  0.00240740993377086  0.0
-3.116461538461538  0.0023361624443377815  0.0
-3.08090909090909  0.0022682002731214683  0.0
-3.0464179104477607  0.0022033514156824404  0.0
-3.0129411764705876  0.0021414531265908504  0.0
-2.980434782608695  0.0020823515123270884  0.0
-2.9488571428571424  0.002025901121997255  0.0
-2.9181690140845067  0.0019719645358747947  0.0
-2.8883333333333328  0.0019204119627624736  0.0
-2.8593150684931503  0.0018711208437935277  0.0
-2.8310810810810803  0.0018239754680238636  0.0
-2.8035999999999994  0.0017788666010057695  0.0
-2.7768421052631576  0.001735691127445256  0.0
-2.7507792207792203  0.0016943517083839222  0.0
-2.725384615384615  0.0016547564538685528  0.0
-2.700632911392405  0.0016168186124701786  0.0
-2.6765  0.00158045627413606  0.0
-2.6529629629629623  0.0015455920895710296  0.0
-2.6299999999999994  0.0015121530048841628  0.0
-2.6075903614457827  0.0014800700099164338  0.0
-2.5857142857142854  0.0014492779008979636  0.0
-2.56435294117647  0.001419715057162456  0.0
-2.543488372093023  0.0013913232297557028  0.0
-2.5231034482758616  0.0013640473432524423  0.0
-2.503181818181818  0.0013378353085213143  0.0
-2.4837078651685385  0.0013126378478633368  0.0
-2.464666666666666  0.001288408329014045  0.0
-2.4460439560439555  0.001265102610196016  0.0
-2.4278260869565216  0.0012426788949204935  0.0
-2.4099999999999993  0.0012210975940654953  0.0
-2.3925531914893616  0.0012003211984908033  0.0
-2.375473684210526  0.0011803141572666283  0.0
-2.3587499999999997  0.0011610427652289888  0.0
-2.3423711340206186  0.001142475056010377  0.0
-2.3263265306122447  0.0011245807026239432  0.0
-2.31060606060606  0.0011073309236519322  0.0
-2.2951999999999995  0.001090698394890244  0.0
-2.28009900990099  0.001074657167292511  0.0
-2.2652941176470582  0.001059182588918691  0.0
-2.250776699029126  0.001044251232406192  0.0
-2.236538461538461  0.0010298408263371558  0.0
-2.2225714285714284  0.0010159301911293304  0.0
-2.2088679245283016  0.0010024991782943366  0.0
-2.195420560747663  0.0009895286141883629  0.0
-2.1822222222222223  0.0009770002460816217  0.0
-2.1692660550458713  0.0009648966925113646  0.0
-2.156545454545454  0.0009532013957709886  0.0
-2.1440540540540534  0.0009418985776113014  0.0
-2.131785714285714  0.000930973197467231  0.0
-2.119734513274336  0.0009204109133639444  0.0
-2.1078947368421046  0.0009101980445433281  0.0
-2.096260869565217  0.0009003215370389699  0.0
-2.084827586206896  0.0008907689305752531  0.0
-2.0735897435897432  0.0008815283276625794  0.0
-2.0625423728813557  0.000872588364906598  0.0
-2.0516806722689074  0.0008639381848065556  0.0
-2.0409999999999995  0.0008555674104661883  0.0
-2.030495867768595  0.0008474661210020823  0.0
-2.020163934426229  0.0008396248283530746  0.0
-2.01  0.0008320344557658815  0.0
-2.0  0.0008246863169434636  0.0
-1.995  0.0008210569227638877  0.0
-1.99  0.0008174573743221648  0.0
-1.985  0.0008138877202537706  0.0
-1.98  0.0008103480105897836  0.0
-1.975  0.0008068382970904638  0.0
-1.97  0.0008033586329089942  0.0
-1.965  0.0007999090733362957  0.0
-1.96  0.0007964896747492116  0.0
-1.955  0.000793100495878392  0.0
-1.95  0.0007897415969048214  0.0
-1.945  0.000786413040147749  0.0
-1.94  0.0007831148897553047  0.0
-1.935  0.0007798472119496422  0.0
-1.93  0.0007766100749852854  0.0
-1.925  0.0007734035491788709  0.0
-1.92  0.0007702277072644476  0.0
-1.915  0.000767082624086722  0.0
-1.91  0.0007639683767684972  0.0
-1.905  0.0007608850450111435  0.0
-1.9  0.0007578327109258555  0.0
-1.895  0.0007548114590327437  0.0
-1.89  0.0007518213766820324  0.0
-1.885  0.0007488625538102442  0.0
-1.88  0.0007459350831995832  0.0
-1.875  0.0007430390604409627  0.0
-1.87  0.0007401745842069943  0.0
-1.8650000000000002  0.0007373417560189555  0.0
-1.8599999999999999  0.0007345406806226607  0.0
-1.855  0.0007317714659697988  0.0
-1.85  0.0007290342234105413  0.0
-1.8450000000000002  0.0007263290675958775  0.0
-1.84  0.0007236561167568194  0.0
-1.8350000000000002  0.0007210154926501029  0.0
-1.83  0.0007184073208720747  0.0
-1.8250000000000002  0.0007158317307626274  0.0
-1.82  0.0007132888557336744  0.0
-1.8150000000000002  0.0007107788330205085  0.0
-1.81  0.0007083018043470614  0.0
-1.8050000000000002  0.0007058579154353821  0.0
-1.8  0.0007034473167157118  0.0
-1.7950000000000002  0.0007010701629426661  0.0
-1.79  0.0006987266137333249  0.0
-1.7850000000000001  0.0006964168334233297  0.0
-1.78  0.000694140991431586  0.0
-1.7750000000000001  0.0006918992621907367  0.0
-1.77  0.0006896918254683925  0.0
-1.7650000000000001  0.0006875188664673854  0.0
-1.76  0.0006853805760421367  0.0
-1.7550000000000001  0.000683277150692146  0.0
-1.75  0.0006812087927884965  0.0
-1.745  0.0006791757110852153  0.0
-1.74  0.0006771781203149584  0.0
-1.735  0.0006752162420060611  0.0
-1.73  0.0006732903040787584  0.0
-1.725  0.0006714005414650443  0.0
-1.72  0.0006695471962608014  0.0
-1.715  0.0006677305175320386  0.0
-1.71  0.0006659507622877016  0.0
-1.705  0.0006642081950277109  0.0
-1.7  0.000662503088351405  0.0
-1.695  0.0006608357229093996  0.0
-1.69  0.0006592063880852414  0.0
-1.685  0.0006576153818048071  0.0
-1.68  0.0006560630111588752  0.0
-1.675  0.0006545495924068768  0.0
-1.67  0.000653075451381699  0.0
-1.665  0.0006516409238423484  0.0
-1.66  0.0006502463557821519  0.0
-1.655  0.0006488921037626352  0.0
-1.65  0.0006475785348352459  0.0
-1.645  0.000646306027540321  0.0
-1.6400000000000001  0.0006450749719878094  0.0
-1.6350000000000002  0.000643885769971312  0.0
-1.63  0.0006427388355807225  0.0
-1.625  0.000641634595740332  0.0
-1.62  0.0006405734904111164  0.0
-1.6150000000000002  0.0006395559729398827  0.0
-1.6099999999999999  0.0006385825107147844  0.0
-1.605  0.0006376535854380541  0.0
-1.6  0.0006367696936657641  0.0
-1.5950000000000002  0.0006359313473782572  0.0
-1.5899999999999999  0.0006351390743627675  0.0
-1.585  0.0006343934187984968  0.0
-1.58  0.0006336949416908032  0.0
-1.5750000000000002  0.0006330442216671668  0.0
-1.57  0.0006324418553634591  0.0
-1.5650000000000002  0.0006318884579242047  0.0
-1.56  0.0006313846642026858  0.0
-1.5550000000000002  0.0006309311284381107  0.0
-1.55  0.0006305285262054693  0.0
-1.5450000000000002  0.0006301775536703115  0.0
-1.54  0.000629878929670659  0.0
-1.5350000000000001  0.0006296333955014245  0.0
-1.53  0.0006294417163503988  0.0
-1.5250000000000001  0.0006293046816129776  0.0
-1.52  0.0006292231061633975  0.0
-1.5150000000000001  0.0006291978313166692  0.0
-1.51  0.0006292297246975312  0.0
-1.5050000000000001  0.000629319683021206  0.0
-1.5  0.0006294686313240632  0.0
-1.495  0.0006296775252489767  0.0
-1.49  0.0006299473514676543  0.0
-1.485  0.0006302791288919645  0.0
-1.48  0.000630673910166821  0.0
-1.475  0.0006311327826744341  0.0
-1.47  0.0006316568697800506  0.0
-1.465  0.0006322473320252534  0.0
-1.46  0.0006329053692348956  0.0
-1.455  0.0006336322207718743  0.0
-1.45  0.0006344291681820289  0.0
-1.445  0.0006352975361790163  0.0
-1.44  0.0006362386941213248  0.0
-1.435  0.0006372540586396617  0.0
-1.43  0.0006383450942139546  0.0
-1.425  0.000639513315825149  0.0
-1.42  0.0006407602907823575  0.0
-1.415  0.000642087640646973  0.0
-1.4100000000000001  0.0006434970432531083  0.0
-1.4050000000000002  0.0006449902352368538  0.0
-1.4  0.0006465690140568067  0.0
-1.395  0.0006482352409036294  0.0
-1.3900000000000001  0.0006499908422845563  0.0
-1.3850000000000002  0.000651837813995782  0.0
-1.38  0.0006537782226246947  0.0
-1.375  0.0006558142095059343  0.0
-1.37  0.0006579479928158167  0.0
-1.3650000000000002  0.000660181871740399  0.0
-1.3599999999999999  0.0006625182288981597  0.0
-1.355  0.0006649595345638974  0.0
-1.35  0.0006675083497769035  0.0
-1.3450000000000002  0.0006701673307023286  0.0
-1.3399999999999999  0.0006729392322046263  0.0
-1.335  0.0006758269121129649  0.0
-1.33  0.0006788333360123783  0.0
-1.3250000000000002  0.0006819615818616109  0.0
-1.3199999999999998  0.0006852148440975218  0.0
-1.315  0.0006885964398313357  0.0
-1.31  0.0006921098132276298  0.0
-1.3050000000000002  0.0006957585421784838  0.0
-1.2999999999999998  0.0006995463433546512  0.0
-1.295  0.0007034770790200559  0.0
-1.29  0.000707554762928355  0.0
-1.2850000000000001  0.000711783567903654  0.0
-1.28  0.0007161678329034104  0.0
-1.2750000000000001  0.0007207120701813892  0.0
-1.27  0.0007254209739199416  0.0
-1.2650000000000001  0.0007302994284674962  0.0
-1.26  0.0007353525168108896  0.0
-1.2550000000000001  0.0007405855308403237  0.0
-1.25  0.0007460039800070385  0.0
-1.245  0.0007516136030063328  0.0
-1.24  0.0007574203779332213  0.0
-1.235  0.0007634305339343874  0.0
-1.23  0.0007696505637019252  0.0
-1.225  0.0007760872361058029  0.0
-1.22  0.0007827476097219194  0.0
-1.215  0.0007896390474700851  0.0
-1.21  0.0007967692317149144  0.0
-1.205  0.0008041461799472429  0.0
-1.2  0.0008117782621784893  0.0
-1.195  0.0008196742184387093  0.0
-1.19  0.0008278431783103453  0.0
-1.185  0.0008362946800085162  0.0
-1.18  0.0008450386927056931  0.0
-1.175  0.0008540856381518592  0.0
-1.17  0.0008634464148445625  0.0
-1.165  0.0008731324231919637  0.0
-1.1600000000000001  0.0008831555922940073  0.0
-1.1550000000000002  0.0008935284080473822  0.0
-1.15  0.0009042639434234791  0.0
-1.145  0.000915375890304736  0.0
-1.1400000000000001  0.0009268785932235731  0.0
-1.1350000000000002  0.0009387870856848394  0.0
-1.13  0.0009511171277097566  0.0
-1.125  0.0009638852471057816  0.0
-1.12  0.0009771087822672978  0.0
-1.1150000000000002  0.0009908059279022917  0.0
-1.1099999999999999  0.001004995784106434  0.0
-1.105  0.0010196984085886845  0.0
-1.1  0.0010349348712130786  0.0
-1.0950000000000002  0.00105072731358837  0.0
-1.0899999999999999  0.0010670990119692274  0.0
-1.085  0.0010840744433401562  0.0
-1.08  0.0011016793578774093  0.0
-1.0750000000000002  0.0011199408546501393  0.0
-1.0699999999999998  0.0011388874625237757  0.0
-1.065  0.001158549227828123  0.0
-1.06  0.0011789578066659628  0.0
-1.0550000000000002  0.0012001465638491902  0.0
-1.0499999999999998  0.001222150679254051  0.0
-1.045  0.001245007261057283  0.0
-1.04  0.0012687554672136685  0.0
-1.0350000000000001  0.0012934366354729024  0.0
-1.03  0.0013190944213863085  0.0
-1.0250000000000001  0.0013457749491933516  0.0
-1.02  0.0013735269707045683  0.0
-1.0150000000000001  0.001402402036149746  0.0
-1.01  0.001432454679349293  0.0
-1.0050000000000001  0.0014637426144690124  0.0
-1.0  0.001496326948141646  0.0
-0.995  0.0015302724079998306  0.0
-0.99  0.0015656475864815923  0.0
-0.985  0.001602525205232692  0.0
-0.98  0.001640982399344373  0.0
-0.975  0.0016811010207743924  0.0
-0.97  0.00172296796899208  0.0
-0.965  0.0017666755443607695  0.0
-0.96  0.0018123218307659218  0.0
-0.955  0.0018600111080560066  0.0
-0.95  0.0019098542958868284  0.0
-0.945  0.001961969434697445  0.0
-0.94  0.0020164822059074348  0.0
-0.9349999999999999  0.002073526491564969  0.0
-0.9299999999999999  0.0021332449808936643  0.0
-0.9249999999999999  0.0021957898290725104  0.0
-0.9199999999999999  0.0022613233651227  0.0
-0.9149999999999999  0.0023300188645461488  0.0
-0.9099999999999999  0.0024020613823196252  0.0
-0.9049999999999999  0.002477648658788343  0.0
-0.8999999999999999  0.0025569921008410865  0.0
-0.8949999999999999  0.0026403178483616263  0.0
-0.8899999999999999  0.0027278679312525743  0.0
-0.8849999999999999  0.0028199015286409987  0.0
-0.8799999999999999  0.0029166963352030917  0.0
-0.8749999999999999  0.0030185500512685845  0.0
-0.8699999999999999  0.0031257820006910632  0.0
-0.8649999999999999  0.003238734896793258  0.0
-0.8599999999999999  0.0033577767640650034  0.0
-0.8549999999999999  0.003483303036846499  0.0
-0.8499999999999999  0.0036157388408872434  0.0
-0.8449999999999999  0.0037555414977025517  0.0
-0.8400000000000001  0.003903203242454575  0.0
-0.8350000000000001  0.00405925421253959  0.0
-0.8300000000000001  0.004224265697858933  0.0
-0.8250000000000001  0.004398853710271137  0.0
-0.8200000000000001  0.004583682883526154  0.0
-0.8150000000000001  0.0047794707482581855  0.0
-0.81  0.004986992411437504  0.0
-0.805  0.0052070856975223725  0.0
-0.8  0.005440656780706856  0.0
-0.795  0.005688686368320767  0.0
-0.79  0.005952236497441429  0.0
-0.785  0.006232457998971819  0.0
-0.78  0.006530598710036715  0.0
-0.775  0.006848012504428396  0.0
-0.77  0.007186169235475333  0.0
-0.765  0.007546665692183464  0.0
-0.76  0.007931237663265277  0.0
-0.755  0.008341773243908106  0.0
-0.75  0.008780327525464288  0.0
-0.745  0.009249138779472935  0.0
-0.74  0.009750646374039629  0.0
-0.735  0.010287510527991324  0.0
-0.73  0.010862634169918133  0.0
-0.725  0.011479187108384532  0.0
-0.72  0.012140632772808172  0.0
-0.715  0.012850757820320404  0.0
-0.71  0.013613704925649077  0.0
-0.705  0.014434009079879908  0.0
-0.7  0.015316637902826412  0.0
-0.695  0.01626703622579683  0.0
-0.69  0.017291175660272197  0.0
-0.6849999999999999  0.01839560951290744  0.0
-0.6799999999999999  0.01958753379926949  0.0
-0.6749999999999999  0.02087485493785723  0.0
-0.6699999999999999  0.022266264994700684  0.0
-0.6649999999999999  0.02377132518389658  0.0
-0.6599999999999999  0.025400558747062246  0.0
-0.6549999999999999  0.027165554075945262  0.0
-0.6499999999999999  0.029079079304439658  0.0
-0.6449999999999999  0.0311552098677331  0.0
-0.6399999999999999  0.033409470003864634  0.0
-0.6349999999999999  0.035858990269514716  0.0
-0.6299999999999999  0.038522682422842375  0.0
-0.6249999999999999  0.04142143391483609  0.0
-0.6199999999999999  0.04457832378249619  0.0
-0.6149999999999999  0.04801886261300862  0.0
-0.6099999999999999  0.05177125882482505  0.0
-0.6049999999999999  0.05586671421522545  0.0
-0.5999999999999999  0.06033975167765654  0.0
-0.5949999999999999  0.06522857849066775  0.0
-0.5900000000000001  0.07057548847162769  0.0
-0.5850000000000001  0.0764273070552402  0.0
-0.5800000000000001  0.08283588290174053  0.0
-0.5750000000000001  0.08985863070729887  0.0
-0.5700000000000001  0.09755912917058703  0.0
-0.5650000000000001  0.10600777884716683  0.0
-0.56  0.11528252440311311  0.0
-0.555  0.12546964580093056  0.0
-0.55  0.13666462280047054  0.0
-0.545  0.14897307644242339  0.0
-0.54  0.1625117913435506  0.0
-0.535  0.1774098205850101  0.0
-0.53  0.19380967521472034  0.0
-0.525  0.21186859710492242  0.0
-0.52  0.23175991260785223  0.0
-0.515  0.25367446139184596  0.0
-0.51  0.2778220904577461  0.0
-0.505  0.30443319881245606  0.0
-0.5  0.33376031294899544  0.0
-0.495  0.36607966359841304  0.0
-0.49  0.4016927289090308  0.0
-0.485  0.4409276928111554  0.0
-0.48  0.4841407607063651  0.0
-0.475  0.5317172522968159  0.0
-0.47  0.5840723781634697  0.0
-0.46499999999999997  0.6416515836308592  0.0
-0.45999999999999996  0.704930317112444  0.0
-0.45499999999999996  0.7744130601189266  0.0
-0.44999999999999996  0.8506314123188229  0.0
-0.44499999999999995  0.9341410130844736  0.0
-0.43999999999999995  1.0255170237211082  0.0
-0.43499999999999994  1.125347879191429  0.0
-0.42999999999999994  1.2342269706835458  0.0
-0.42499999999999993  1.3527419038117492  0.0
-0.41999999999999993  1.4814609354291641  0.0
-0.4149999999999999  1.6209162060371507  0.0
-0.4099999999999999  1.7715833650070798  0.0
-0.4049999999999999  1.9338572294983998  0.0
-0.3999999999999999  2.1080231754403242  0.0
-0.3949999999999999  2.2942240608974034  0.0
-0.3899999999999999  2.4924226277906634  0.0
-0.3849999999999999  2.7023595654527024  0.0
-0.3799999999999999  2.923507678440613  0.0
-0.3749999999999999  3.155023008256438  0.0
-0.3699999999999999  3.3956941998344465  0.0
-0.3649999999999999  3.6438919629784925  0.0
-0.3599999999999999  3.897521133998258  0.0
-0.35499999999999987  4.153978539440993  0.0
-0.34999999999999987  4.410120606321417  0.0
-0.34499999999999986  4.662245402716865  0.0
-0.33999999999999986  4.906094398948497  0.0
-0.33499999999999985  5.136879727358607  0.0
-0.33000000000000007  5.349342774642765  0.0
-0.32500000000000007  5.53784966650692  0.0
-0.32000000000000006  5.696528221208553  0.0
-0.31500000000000006  5.819449205686725  0.0
-0.31000000000000005  5.9008521316199865  0.0
-0.30500000000000005  5.935412237415623  0.0
-0.30000000000000004  5.918540816324834  0.0
-0.29500000000000004  5.846705780374142  0.0
-0.29000000000000004  5.717753768901797  0.0
-0.28500000000000003  5.53120969813422  0.0
-0.28  5.288525158689837  0.0
-0.275  4.993244634998625  0.0
-0.27  4.6510588756761155  0.0
-0.265  4.269719137197015  0.0
-0.26  3.858794797779557  0.0
-0.255  3.429270308418785  0.0
-0.25  2.992994764624888  0.0
-0.245  2.5620169657642213  0.0
-0.24  2.1478579906649298  0.0
-0.235  1.7607888877545703  0.0
-0.22999999999999998  1.4091892756077833  0.0
-0.22499999999999998  1.0990606701092196  0.0
-0.21999999999999997  0.8337544356517425  0.0
-0.21499999999999997  0.613948999199933  0.0
-0.20999999999999996  0.4378775584158891  0.0
-0.20499999999999996  0.3017715048425523  0.0
-0.19999999999999996  0.20045319891802943  0.0
-0.19499999999999995  0.1279914149921737  0.0
-0.18999999999999995  0.07832849780563234  0.0
-0.18499999999999994  0.04580113216761086  0.0
-0.17999999999999994  0.025503442879135096  0.0
-0.17499999999999993  0.013475122862006085  0.0
-0.16999999999999993  0.00672997914000019  0.0
-0.16499999999999992  0.003164190890499064  0.0
-0.15999999999999992  0.0013943793454779616  0.0
-0.15499999999999992  0.0005732533953678295  0.0
-0.1499999999999999  0.00021878256798192228  0.0
-0.1449999999999999  7.71094236120053e-5  0.0
-0.1399999999999999  2.4959643755334487e-5  0.0
-0.1349999999999999  7.377359486863839e-6  0.0
-0.1299999999999999  1.9792181890366078e-6  0.0
-0.12499999999999989  4.790070999715701e-7  0.0
-0.11999999999999988  1.0392816221874868e-7  0.0
-0.11499999999999988  2.0089413640602456e-8  0.0
-0.10999999999999988  3.4389455661623927e-9  0.0
-0.10499999999999987  5.183989871420774e-10  0.0
-0.09999999999999987  6.847633607376625e-11  0.0
-0.09499999999999986  7.895383536651117e-12  0.0
-0.08999999999999986  7.927762108481908e-13  0.0
-0.08499999999999985  6.930916808262902e-14  0.0
-0.08000000000000007  5.290061765234202e-15  0.0
-0.07500000000000007  3.547804978608742e-16  0.0
-0.07000000000000006  2.114276746606463e-17  0.0
-0.06500000000000006  1.1389644823588506e-18  0.0
-0.06000000000000005  5.682464160678472e-20  0.0
-0.055000000000000056  2.712471434570671e-21  0.0
-0.050000000000000044  1.2916123375291962e-22  0.0
-0.04500000000000005  6.460054137985693e-24  0.0
-0.040000000000000036  3.6083047253474063e-25  0.0
-0.03500000000000004  2.4140666703765476e-26  0.0
-0.030000000000000027  2.088480285852231e-27  0.0
-0.025000000000000026  2.529987226835721e-28  0.0
-0.020000000000000018  4.6389630959468205e-29  0.0
-0.015000000000000017  1.3812772720872876e-29  0.0
-0.010000000000000009  7.068247771977453e-30  0.0
-0.005000000000000009  6.452541261543039e-30  0.0
0.0  1.0653344358385296e-29  0.0
0.005  3.1428471630564615e-29  0.0
0.010000000000000231  1.59585828168007e-28  0.0
0.015000000000000232  1.3140160017425949e-27  0.0
0.020000000000000018  1.6250268641383063e-26  0.0
0.02500000000000002  2.7664940520479386e-25  0.0
0.03000000000000025  5.9203248966094465e-24  0.0
0.035000000000000246  1.457814291597574e-22  0.0
0.040000000000000036  3.8087101024526985e-21  0.0
0.04500000000000003  9.839600410144596e-20  0.0
0.04999999999999982  2.3718582409884144e-18  0.0
0.05499999999999982  5.0985696417326965e-17  0.0
0.06000000000000005  9.455026405073251e-16  0.0
0.06500000000000006  1.479248771198951e-14  0.0
0.06999999999999984  1.9269954102872072e-13  0.0
0.07499999999999984  2.0783085637549015e-12  0.0
0.08000000000000007  1.8559582640095977e-11  0.0
0.08500000000000008  1.3783502394098145e-10  0.0
0.08999999999999986  8.576432502997025e-10  0.0
0.09499999999999986  4.513401335814712e-9  0.0
0.10000000000000009  2.0303299996182138e-8  0.0
0.1050000000000001  7.8951949638563e-8  0.0
0.10999999999999988  2.6842071139823614e-7  0.0
0.11499999999999988  8.067961869376878e-7  0.0
0.1200000000000001  2.1670160017779397e-6  0.0
0.1250000000000001  5.254396794229983e-6  0.0
0.1299999999999999  1.1611225162447153e-5  0.0
0.1349999999999999  2.3591860977064984e-5  0.0
0.14000000000000012  4.4433290556902804e-5  0.0
0.14500000000000013  7.81544963018022e-5  0.0
0.1499999999999999  0.0001292561521387903  0.0
0.15499999999999992  0.00020224771638464937  0.0
0.16000000000000014  0.00030108074420835093  0.0
0.16500000000000015  0.0004285959623265429  0.0
0.16999999999999993  0.0005860887921547897  0.0
0.17499999999999993  0.0007730677329058042  0.0
0.18000000000000016  0.0009872350981323297  0.0
0.18500000000000016  0.0012246747831317455  0.0
0.18999999999999995  0.0014801982325108268  0.0
0.19499999999999995  0.00174778272786865  0.0
0.20000000000000018  0.0020210349966266095  0.0
0.20500000000000018  0.0022936237711293616  0.0
0.20999999999999996  0.0025596418344233833  0.0
0.21499999999999997  0.002813876306602616  0.0
0.2200000000000002  0.0030519819532469263  0.0
0.2250000000000002  0.0032705642876829206  0.0
0.22999999999999998  0.003467186738392402  0.0
0.235  0.003640319619386046  0.0
0.2400000000000002  0.0037892490120230034  0.0
0.24500000000000022  0.003913961976677441  0.0
0.25  0.004015021704261837  0.0
0.255  0.004093443009108562  0.0
0.26000000000000023  0.004150575458889365  0.0
0.26500000000000024  0.004187998720594282  0.0
0.27  0.004207432499344839  0.0
0.275  0.004210661793532009  0.0
0.28000000000000025  0.004199477024702476  0.0
0.28500000000000025  0.0041756278567826035  0.0
0.29000000000000004  0.004140789104741003  0.0
0.29500000000000004  0.004096536958144215  0.0
0.30000000000000027  0.0040443337448610225  0.0
0.30500000000000027  0.003985519563324593  0.0
0.31000000000000005  0.003921309282710424  0.0
0.31500000000000006  0.0038527936076162197  0.0
0.31999999999999984  0.003780943109338914  0.0
0.32499999999999984  0.00370661431854595  0.0
0.33000000000000007  0.003630557155835156  0.0
0.3350000000000001  0.003553423131233438  0.0
0.33999999999999986  0.003475773876104508  0.0
0.34499999999999986  0.003398089685502129  0.0
0.3500000000000001  0.0033207778354688256  0.0
0.3550000000000001  0.0032441805157298353  0.0
0.3599999999999999  0.0031685822732322798  0.0
0.3649999999999999  0.003094216904968545  0.0
0.3700000000000001  0.0030212737748739555  0.0
0.3750000000000001  0.002949903548370223  0.0
0.3799999999999999  0.002880223360084742  0.0
0.3849999999999999  0.002812321439565406  0.0
0.3900000000000001  0.0027462612271088225  0.0
0.39500000000000013  0.0026820850182317766  0.0
0.3999999999999999  0.0026198171740949047  0.0
0.4049999999999999  0.002559466938948935  0.0
0.41000000000000014  0.0025010309019882445  0.0
0.41500000000000015  0.002444495140972316  0.0
0.41999999999999993  0.0023898370814716607  0.0
0.42499999999999993  0.002337027104517693  0.0
0.43000000000000016  0.0022860299312595493  0.0
0.43500000000000016  0.0022368058118437954  0.0
0.43999999999999995  0.0021893115419748727  0.0
0.44499999999999995  0.002143501329329796  0.0
0.4500000000000002  0.0020993275285479244  0.0
0.4550000000000002  0.00205674126228422  0.0
0.45999999999999996  0.0020156929431753945  0.0
0.46499999999999997  0.0019761327101278435  0.0
0.4700000000000002  0.0019380107907506446  0.0
0.4750000000000002  0.0019012777999182467  0.0
0.48  0.001865884983903032  0.0
0.485  0.0018317844174774707  0.0
0.4900000000000002  0.0017989291607668424  0.0
0.4950000000000002  0.0017672733824550528  0.0
0.5  0.001736772453542147  0.0
0.505  0.0017073830168155045  0.0
0.5100000000000002  0.0016790630355970914  0.0
0.5150000000000002  0.0016517718249704854  0.0
0.52  0.0016254700686527369  0.0
0.525  0.0016001198236385737  0.0
0.5300000000000002  0.0015756845151332873  0.0
0.5350000000000003  0.0015521289229919958  0.0
0.54  0.001529419161756648  0.0
0.545  0.0015075226554016861  0.0
0.5500000000000003  0.0014864081077232167  0.0
0.5550000000000003  0.0014660454696590575  0.0
0.56  0.0014464059041886619  0.0
0.5650000000000001  0.0014274617492478505  0.0
0.5699999999999998  0.0014091864797610512  0.0
0.5749999999999998  0.001391554668703369  0.0
0.5800000000000001  0.0013745419480477783  0.0
0.5850000000000001  0.0013581249695208623  0.0
0.5899999999999999  0.0013422813658220435  0.0
0.5949999999999999  0.001326989712220575  0.0
0.6000000000000001  0.0013122294888371587  0.0
0.6050000000000001  0.001297981043798548  0.0
0.6099999999999999  0.0012842255572103653  0.0
0.6149999999999999  0.0012709450062337437  0.0
0.6200000000000001  0.0012581221311686165  0.0
0.6250000000000001  0.001245740402570351  0.0
0.6299999999999999  0.0012337839896874713  0.0
0.6349999999999999  0.0012222377298827737  0.0
0.6400000000000001  0.0012110870991481465  0.0
0.6450000000000001  0.0012003181840129452  0.0
0.6499999999999999  0.0011899176544402066  0.0
0.6549999999999999  0.0011798727375396656  0.0
0.6600000000000001  0.0011701711930636447  0.0
0.6650000000000001  0.0011608012892537181  0.0
0.6699999999999999  0.0011517517802208449  0.0
0.6749999999999999  0.0011430118839279978  0.0
0.6800000000000002  0.0011345712615252184  0.0
0.6850000000000002  0.0011264199973439694  0.0
0.69  0.0011185485799342265  0.0
0.695  0.0011109478839072858  0.0
0.7000000000000002  0.0011036091526425414  0.0
0.7050000000000002  0.0010965239817560342  0.0
0.71  0.0010896843033977063  0.0
0.715  0.0010830823712171837  0.0
0.7200000000000002  0.0010767107460727425  0.0
0.7250000000000002  0.001070562282388274  0.0
0.73  0.0010646301152125292  0.0
0.735  0.0010589076477041611  0.0
0.7400000000000002  0.0010533885394955944  0.0
0.7450000000000002  0.0010480666953276779  0.0
0.75  0.0010429362543889602  0.0
0.755  0.0010379915801476903  0.0
0.7600000000000002  0.001033227250491561  0.0
0.7650000000000002  0.001028638048561976  0.0
0.77  0.0010242189539035253  0.0
0.775  0.0010199651340457132  0.0
0.7800000000000002  0.001015871936398369  0.0
0.7850000000000003  0.0010119348806958263  0.0
0.79  0.001008149651682729  0.0
0.795  0.0010045120920684218  0.0
0.8000000000000003  0.0010010181960321872  0.0
0.8050000000000003  0.0009976641027578477  0.0
0.81  0.0009944460905503111  0.0
0.8150000000000001  0.0009913605708840273  0.0
0.8199999999999998  0.000988404083110087  0.0
0.8249999999999998  0.000985573289057554  0.0
0.8300000000000001  0.000982864968114995  0.0
0.8350000000000001  0.0009802760124577377  0.0
0.8399999999999999  0.00097780342242824  0.0
0.8449999999999999  0.000975444302216197  0.0
0.8500000000000001  0.0009731958557526775  0.0
0.8550000000000001  0.0009710553826105899  0.0
0.8599999999999999  0.0009690202743147372  0.0
0.8649999999999999  0.0009670880107004148  0.0
0.8700000000000001  0.0009652561564030743  0.0
0.8750000000000001  0.0009635223575833468  0.0
0.8799999999999999  0.0009618843387739714  0.0
0.8849999999999999  0.0009603398997644794  0.0
0.8900000000000001  0.0009588869127992203  0.0
0.8950000000000001  0.0009575233197659933  0.0
0.8999999999999999  0.0009562471295455245  0.0
0.9049999999999999  0.0009550564154660624  0.0
0.9100000000000001  0.000953949312862149  0.0
0.9150000000000001  0.000952924016802169  0.0
0.9199999999999999  0.0009519787798183604  0.0
0.9249999999999999  0.0009511119097187085  0.0
0.9300000000000002  0.0009503217676918276  0.0
0.9350000000000002  0.0009496067661812663  0.0
0.94  0.0009489653671532563  0.0
0.945  0.0009483960801552366  0.0
0.9500000000000002  0.000947897460745989  0.0
0.9550000000000002  0.000947468108687662  0.0
0.96  0.0009471066665039507  0.0
0.965  0.0009468118178096876  0.0
0.9700000000000002  0.0009465822859934571  0.0
0.9750000000000002  0.0009464168327312654  0.0
0.98  0.0009463142566408821  0.0
0.985  0.0009462733920440269  0.0
0.9900000000000002  0.0009462931076543844  0.0
0.9950000000000002  0.0009463723054738424  0.0
1.0  0.0009465099195727744  0.0
1.005  0.0009467049150292642  0.0
1.0100000000000002  0.0009469562868456011  0.0
1.0150000000000001  0.0009472630589769676  0.0
1.02  0.000947624283316092  0.0
1.025  0.0009480390387682629  0.0
1.0300000000000002  0.0009485064303599283  0.0
1.0350000000000001  0.0009490255883474693  0.0
1.04  0.0009495956674209875  0.0
1.045  0.0009502158458533611  0.0
1.0500000000000003  0.0009508853247587883  0.0
1.0550000000000002  0.000951603327318515  0.0
1.06  0.0009523690981527767  0.0
1.065  0.0009531819024814626  0.0
1.0700000000000003  0.0009540410255753623  0.0
1.0750000000000002  0.0009549457721170118  0.0
1.08  0.000955895465522402  0.0
1.085  0.0009568894473413285  0.0
1.0899999999999999  0.0009579270768173725  0.0
1.0949999999999998  0.0009590077301126396  0.0
1.1  0.0009601308000037553  0.0
1.105  0.0009612956952379878  0.0
1.1099999999999999  0.0009625018399995359  0.0
1.1149999999999998  0.0009637486736147686  0.0
1.12  0.0009650356499009782  0.0
1.125  0.0009663622368100415  0.0
1.13  0.000967727916004016  0.0
1.1349999999999998  0.0009691321824131438  0.0
1.1400000000000001  0.0009705745438466012  0.0
1.145  0.0009720545206094187  0.0
1.15  0.0009735716451446031  0.0
1.1549999999999998  0.000975125461622995  0.0
1.1600000000000001  0.0009767155256812207  0.0
1.165  0.0009783414039829126  0.0
1.17  0.0009800026739764543  0.0
1.1749999999999998  0.0009816989235534488  0.0
1.1800000000000002  0.0009834297507246596  0.0
1.185  0.0009851947633631997  0.0
1.19  0.0009869935788981358  0.0
1.1949999999999998  0.0009888258240347873  0.0
1.2000000000000002  0.000990691134531898  0.0
1.205  0.000992589154864477  0.0
1.21  0.0009945195380666938  0.0
1.2149999999999999  0.0009964819454620442  0.0
1.2200000000000002  0.000998476046359241  0.0
1.225  0.0010005015179387763  0.0
1.23  0.001002558045000468  0.0
1.2349999999999999  0.0010046453196544077  0.0
1.2400000000000002  0.0010067630412841759  0.0
1.245  0.0010089109162226355  0.0
1.25  0.0010110886576081635  0.0
1.255  0.0010132959852098041  0.0
1.2600000000000002  0.0010155326251885739  0.0
1.2650000000000001  0.0010177983099983914  0.0
1.27  0.0010200927781892303  0.0
1.275  0.0010224157742239697  0.0
1.2800000000000002  0.001024767048307511  0.0
1.2850000000000001  0.0010271463563338377  0.0
1.29  0.001029553459574536  0.0
1.295  0.0010319881247080468  0.0
1.3000000000000003  0.001034450123495136  0.0
1.3050000000000002  0.0010369392328426503  0.0
1.31  0.0010394552344941193  0.0
1.315  0.0010419979150113115  0.0
1.3200000000000003  0.0010445670656358055  0.0
1.3250000000000002  0.0010471624820798534  0.0
1.33  0.0010497839645548768  0.0
1.335  0.0010524313175226962  0.0
1.3399999999999999  0.0010551043496929598  0.0
1.3449999999999998  0.0010578028738295374  0.0
1.35  0.001060526706681773  0.0
1.355  0.0010632756689083031  0.0
1.3599999999999999  0.0010660495849546937  0.0
1.3649999999999998  0.0010688482829041479  0.0
1.37  0.0010716715945216458  0.0
1.375  0.0010745193550310032  0.0
1.38  0.0010773914030618131  0.0
1.3849999999999998  0.0010802875806114566  0.0
1.3900000000000001  0.0010832077329443034  0.0
1.395  0.001086151708465006  0.0
1.4  0.0010891193586594341  0.0
1.4049999999999998  0.0010921105380597323  0.0
1.4100000000000001  0.0010951251041656622  0.0
1.415  0.0010981629172879008  0.0
1.42  0.0011012238405522818  0.0
1.4249999999999998  0.0011043077398830352  0.0
1.4300000000000002  0.0011074144837930362  0.0
1.435  0.001110543943434198  0.0
1.44  0.0011136959924901728  0.0
1.4449999999999998  0.0011168705071225918  0.0
1.4500000000000002  0.0011200673659156545  0.0
1.455  0.001123286449814486  0.0
1.46  0.0011265276420687044  0.0
1.4649999999999999  0.001129790828177748  0.0
1.4700000000000002  0.001133075895835636  0.0
1.475  0.0011363827348690825  0.0
1.48  0.0011397112372272026  0.0
1.4849999999999999  0.0011430612968621925  0.0
1.4900000000000002  0.0011464328097733631  0.0
1.495  0.0011498256738685323  0.0
1.5  0.0011532397889440697  0.0
1.505  0.0011566750567059297  0.0
1.5100000000000002  0.0011601313806432509  0.0
1.5150000000000001  0.0011636086660286001  0.0
1.52  0.001167106819846697  0.0
1.525  0.0011706257507890735  0.0
1.5300000000000002  0.0011741653691954145  0.0
1.5350000000000001  0.0011777255870278845  0.0
1.54  0.001181306317791462  0.0
1.545  0.0011849074765864708  0.0
1.5500000000000003  0.0011885289799510926  0.0
1.5550000000000002  0.0011921707459632105  0.0
1.56  0.001195832694049058  0.0
1.565  0.001199514745139905  0.0
1.5700000000000003  0.0012032168214300039  0.0
1.5750000000000002  0.0012069388465313546  0.0
1.58  0.0012106807453485815  0.0
1.585  0.0012144424440446208  0.0
1.5899999999999999  0.001218223870050285  0.0
1.5949999999999998  0.00122202495196798  0.0
1.6  0.0012258456196844515  0.0
1.605  0.0012296858041451711  0.0
1.6099999999999999  0.0012335454375365035  0.0
1.6149999999999998  0.0012374244530708547  0.0
1.62  0.0012413227851075274  0.0
1.625  0.001245240369039932  0.0
1.63  0.0012491771412832036  0.0
1.6349999999999998  0.001253133039330265  0.0
1.6400000000000001  0.0012571080015963659  0.0
1.645  0.0012611019674949493  0.0
1.65  0.001265114877403627  0.0
1.6549999999999998  0.0012691466725877172  0.0
1.6600000000000001  0.0012731972952562934  0.0
1.665  0.001277266688467915  0.0
1.67  0.001281354796166161  0.0
1.6749999999999998  0.001285461563127398  0.0
1.6800000000000002  0.001289586934967296  0.0
1.685  0.0012937308580846713  0.0
1.69  0.0012978932797037249  0.0
1.6949999999999998  0.0013020741477676875  0.0
1.7000000000000002  0.0013062734110224578  0.0
1.705  0.001310491018899096  0.0
1.71  0.0013147269216003145  0.0
1.7149999999999999  0.001318981069993656  0.0
1.7200000000000002  0.001323253415617967  0.0
1.725  0.0013275439107522902  0.0
1.73  0.0013318525082577151  0.0
1.7349999999999999  0.001336179161649649  0.0
1.7400000000000002  0.001340523825106184  0.0
1.745  0.001344886453360269  0.0
1.75  0.0013492670017869132  0.0
1.755  0.001353665426336601  0.0
1.7600000000000002  0.001358081683497066  0.0
1.7650000000000001  0.0013625157303426916  0.0
1.77  0.001366967524488055  0.0
1.775  0.0013714370240381682  0.0
1.7800000000000002  0.001375924187693233  0.0
1.7850000000000001  0.0013804289746088027  0.0
1.79  0.0013849513444071403  0.0
1.795  0.0013894912572236747  0.0
1.8000000000000003  0.0013940486736964727  0.0
1.8050000000000002  0.001398623554856162  0.0
1.81  0.0014032158622368268  0.0
1.815  0.0014078255577960536  0.0
1.8200000000000003  0.0014124526038595388  0.0
1.8250000000000002  0.0014170969632837447  0.0
1.83  0.0014217585992469758  0.0
1.835  0.0014264374753193332  0.0
1.8399999999999999  0.0014311335555238784  0.0
1.8449999999999998  0.0014358468041900591  0.0
1.85  0.0014405771860678729  0.0
1.855  0.0014453246662317865  0.0
1.8599999999999999  0.0014500892101226516  0.0
1.8649999999999998  0.001454870783538759  0.0
1.87  0.001459669352540118  0.0
1.875  0.0014644848836024814  0.0
1.88  0.0014693173434809138  0.0
1.8849999999999998  0.0014741666992190126  0.0
1.8900000000000001  0.0014790329181798556  0.0
1.895  0.0014839159679920083  0.0
1.9  0.001488815816653627  0.0
1.9049999999999998  0.0014937324323084115  0.0
1.9100000000000001  0.0014986657834674952  0.0
1.915  0.0015036158389049512  0.0
1.92  0.0015085825675502107  0.0
1.9249999999999998  0.0015135659387192281  0.0
1.9300000000000002  0.0015185659218747859  0.0
1.935  0.0015235824867357787  0.0
1.94  0.0015286156032404752  0.0
1.9449999999999998  0.0015336652416213742  0.0
1.9500000000000002  0.0015387313722184273  0.0
1.955  0.001543813965673214  0.0
1.96  0.0015489129927490908  0.0
1.9649999999999999  0.0015540284244675824  0.0
1.9700000000000002  0.0015591602320073536  0.0
1.975  0.0015643083867822212  0.0
1.98  0.0015694728603193274  0.0
1.9849999999999999  0.001574653624373679  0.0
1.9900000000000002  0.001579850650844949  0.0
1.995  0.0015850639118072057  0.0
2.0  0.0015902933794778086  0.0
2.005  0.001595539026243405  0.0
2.01  0.0016008008246264501  0.0
2.020163934426229  0.0016115466137759363  0.0
2.030495867768595  0.0016225380749403163  0.0
2.0409999999999995  0.0016337828225797214  0.0
2.0516806722689074  0.0016452887711189878  0.0
2.0625423728813557  0.0016570641491721726  0.0
2.0735897435897432  0.0016691175145283432  0.0
2.084827586206896  0.001681457770100417  0.0
2.096260869565217  0.0016940941805775383  0.0
2.1078947368421046  0.0017070363902001624  0.0
2.119734513274336  0.001720294441367173  0.0
2.131785714285714  0.0017338787944613963  0.0
2.1440540540540534  0.0017478003487005182  0.0
2.156545454545454  0.0017620704641710095  0.0
2.1692660550458713  0.0017767009853191218  0.0
2.1822222222222223  0.0017917042655819033  0.0
2.195420560747663  0.0018070931935599813  0.0
2.2088679245283016  0.0018228812208401282  0.0
2.2225714285714284  0.0018390823912510918  0.0
2.236538461538461  0.001855711372221368  0.0
2.250776699029126  0.001872783487543904  0.0
2.2652941176470582  0.0018903147524892252  0.0
2.28009900990099  0.001908321911021973  0.0
2.2951999999999995  0.0019268224750924562  0.0
2.31060606060606  0.0019458347665876306  0.0
2.3263265306122447  0.0019653779617020838  0.0
2.3423711340206186  0.0019854721381113447  0.0
2.3587499999999997  0.002006138325317694  0.0
2.375473684210526  0.002027398557621134  0.0
2.3925531914893616  0.002049275931029981  0.0
2.4099999999999993  0.002071794663533982  0.0
2.4278260869565216  0.0020949801590301478  0.0
2.4460439560439555  0.002118859075608101  0.0
2.464666666666666  0.002143459398029829  0.0
2.4837078651685385  0.0021688105151194867  0.0
2.503181818181818  0.002194943301752283  0.0
2.5231034482758616  0.0022218902063770715  0.0
2.543488372093023  0.002249685344267326  0.0
2.56435294117647  0.00227836459662356  0.0
2.5857142857142854  0.0023079657162096145  0.0
2.6075903614457827  0.0023385284396318113  0.0
2.6299999999999994  0.0023700946071270757  0.0
2.6529629629629623  0.0024027082899155407  0.0
2.6765  0.0024364159256608517  0.0
2.700632911392405  0.0024712664626642088  0.0
2.725384615384615  0.0025073115131160877  0.0
2.7507792207792203  0.0025446055158991556  0.0
2.7768421052631576  0.0025832059098885455  0.0
2.8035999999999994  0.0026231733170426043  0.0
2.8310810810810803  0.002664571737352991  0.0
2.8593150684931503  0.0027074687545855063  0.0
2.8883333333333328  0.002751935754330023  0.0
2.9181690140845067  0.0027980481537389487  0.0
2.9488571428571424  0.0028458856436319154  0.0
2.980434782608695  0.0028955324431055455  0.0
3.0129411764705876  0.0029470775656650072  0.0
3.0464179104477607  0.003000615097772899  0.0
3.08090909090909  0.0030562444875033264  0.0
3.116461538461538  0.0031140708436043236  0.0
3.1531249999999993  0.0031742052420209344  0.0
3.19095238095238  0.00323676503842856  0.0
3.2299999999999995  0.0033018741828596747  0.0
3.2703278688524584  0.0033696635324891974  0.0
3.3119999999999994  0.003440271156770148  0.0
3.3550847457627113  0.0035138426276610387  0.0
3.3996551724137927  0.003590531285207876  0.0
3.4457894736842096  0.003670498466822366  0.0
3.493571428571428  0.0037539136846131763  0.0
3.543090909090908  0.0038409547313028487  0.0
3.594444444444444  0.0039318076906406894  0.0
3.647735849056603  0.004026666820878387  0.0
3.7030769230769223  0.004125734272973635  0.0
3.760588235294117  0.004229219595526732  0.0
3.820399999999999  0.004337338964790641  0.0
3.882653061224489  0.004450314065233468  0.0
3.947499999999999  0.004568370525951295  0.0
4.015106382978723  0.004691735793847673  0.0
4.085652173913043  0.004820636300247256  0.0
4.159333333333333  0.0049552937342260475  0.0
4.236363636363635  0.005095920198815892  0.0
4.3169767441860465  0.005242711966836267  0.0
4.40142857142857  0.005395841486237825  0.0
4.489999999999998  0.005555447200789737  0.0
4.582999999999999  0.005721620650158212  0.0
4.680769230769229  0.005894390186446835  0.0
4.7836842105263155  0.006073700492168725  0.0
4.89216216216216  0.00625938690324429  0.0
5.006666666666666  0.006451143321037124  0.0
5.127714285714285  0.00664848224524095  0.0
5.255882352941175  0.006850685173360237  0.0
5.391818181818181  0.007056741297055927  0.0
5.536249999999999  0.0072652721086452965  0.0
5.6899999999999995  0.00747443924402404  0.0
5.853999999999999  0.007681832711827612  0.0
6.029310344827586  0.007884336714833448  0.0
6.217142857142855  0.008077970771917244  0.0
6.418888888888889  0.008257705145502168  0.0
6.636153846153844  0.008417252214782118  0.0
6.870799999999997  0.00854884026701306  0.0
7.124999999999998  0.008642984472700671  0.0
7.401304347826086  0.008688283443650411  0.0
7.702727272727271  0.008671291246916301  0.0
8.032857142857141  0.00857654729184943  0.0
8.395999999999999  0.008386893326167218  0.0
8.79736842105263  0.008084269570843404  0.0
9.24333333333333  0.00765125651709167  0.0
9.74176470588235  0.0070736958734468084  0.0
10.302499999999997  0.0063447318763010544  0.0
10.937999999999997  0.0054704501725339  0.0
11.664285714285711  0.004476749828074126  0.0
12.502307692307689  0.0034158681376956564  0.0
13.479999999999995  0.0023688673666770583  0.0
14.635454545454541  0.0014378561708193857  0.0
16.022  0.0007212734100748278  0.0
17.71666666666666  0.00027305150749904454  0.0
19.834999999999994  6.709926841134506e-5  0.0
22.558571428571423  8.212918033987876e-6  0.0
26.18999999999999  3.032909025684084e-7  0.0
31.273999999999994  1.187239420999089e-9  0.0
38.89999999999999  4.407202736572483e-14  0.0
51.609999999999985  4.0817450007762216e-15  0.0
77.02999999999997  4.9957551307157625e-15  0.0
153.28999999999996  8.838520119589462e-15  0.0
