-153.28999999999996  1.4051786266670923e-56  0.0
-77.02999999999997  2.1285808103561803e-28  0.0
-51.609999999999985  2.3684661746656144e-18  0.0
-38.89999999999999  1.467811415895451e-13  0.0
-31.273999999999994  4.709820010339517e-10  0.0
-26.18999999999999  1.2512501698717466e-7  0.0
-22.558571428571423  3.899624908951199e-6  0.0
-19.834999999999994  3.693160028659786e-5  0.0
-17.71666666666666  0.00017396381637017381  0.0
-16.022  0.0005300770983372397  0.0
-14.635454545454541  0.0012137260540527805  0.0
-13.479999999999995  0.0022860850278280656  0.0
-12.502307692307689  0.003750704064987967  0.0
-11.664285714285711  0.00556592691509809  0.0
-10.937999999999997  0.007664575784492036  0.0
-10.302499999999997  0.009971103882658804  0.0
-9.74176470588235  0.01241301320766529  0.0
-9.24333333333333  0.014926930890904041  0.0
-8.79736842105263  0.01746089225987466  0.0
-8.395999999999999  0.019974348397093285  0.0
-8.032857142857141  0.022437014585506676  0.0
-7.702727272727271  0.024827265844996258  0.0
-7.401304347826086  0.02713047736603491  0.0
-7.124999999999998  0.029337506824599766  0.0
-6.870799999999997  0.03144339681174528  0.0
-6.636153846153844  0.03344631124909848  0.0
-6.418888888888889  0.0353466883579246  0.0
-6.217142857142855  0.03714658020967043  0.0
-6.029310344827586  0.03884914627240812  0.0
-5.853999999999999  0.04045827052675464  0.0
-5.6899999999999995  0.04197827580589461  0.0
-5.536249999999999  0.04341371353264603  0.0
-5.391818181818181  0.04476921127357657  0.0
-5.255882352941175  0.04604936421972576  0.0
-5.127714285714285  0.04725865976685935  0.0
-5.006666666666666  0.048401426840057604  0.0
-4.89216216216216  0.04948180356434258  0.0
-4.7836842105263155  0.050503718411878624  0.0
-4.680769230769229  0.05147088113941119  0.0
-4.582999999999999  0.05238678073885585  0.0
-4.489999999999998  0.05325468831905161  0.0
-4.40142857142857  0.054077663365883884  0.0
-4.3169767441860465  0.0548585622295013  0.0
-4.236363636363635  0.0556000479910755  0.0
-4.159333333333333  0.056304601090649865  0.0
-4.085652173913043  0.056974530269916536  0.0
-4.015106382978723  0.057611983512910074  0.0
-3.947499999999999  0.05821895876404878  0.0
-3.882653061224489  0.058797314274634985  0.0
-3.820399999999999  0.05934877848189662  0.0
-3.760588235294117  0.05987495936350552  0.0
-3.7030769230769223  0.060377353238734756  0.0
-3.647735849056603  0.06085735300765878  0.0
-3.594444444444444  0.0613162558340687  0.0
-3.543090909090908  0.06175527028758251  0.0
-3.493571428571428  0.062175522966931344  0.0
-3.4457894736842096  0.06257806463046384  0.0
-3.3996551724137927  0.06296387586218793  0.0
-3.3550847457627113  0.06333387230265647  0.0
-3.3119999999999994  0.06368890947407126  0.0
-3.2703278688524584  0.06402978722840627  0.0
-3.2299999999999995  0.06435725384634347  0.0
-3.19095238095238  0.06467200981352487  0.0
-3.1531249999999993  0.06497471129916821  0.0
-3.116461538461538  0.06526597336054965  0.0
-3.08090909090909  0.06554637289528788  0.0
-3.0464179104477607  0.06581645136180828  0.0
-3.0129411764705876  0.06607671728685556  0.0
-2.980434782608695  0.06632764857747456  0.0
-2.9488571428571424  0.066569694653506  0.0
-2.9181690140845067  0.06680327841535243  0.0
-2.8883333333333328  0.06702879806056258  0.0
-2.8593150684931503  0.06724662876166021  0.0
-2.8310810810810803  0.06745712421660423  0.0
-2.8035999999999994  0.06766061808230815  0.0
-2.7768421052631576  0.06785742530076401  0.0
-2.7507792207792203  0.0680478433265045  0.0
-2.725384615384615  0.06823215326339475  0.0
-2.700632911392405  0.06841062091806312  0.0
-2.6765  0.06858349777665856  0.0
-2.6529629629629623  0.0687510219110525  0.0
-2.6299999999999994  0.06891341882008371  0.0
-2.6075903614457827  0.06907090221097036  0.0
-2.5857142857142854  0.06922367472558019  0.0
-2.56435294117647  0.06937192861585494  0.0
-2.543488372093023  0.06951584637232497  0.0
-2.5231034482758616  0.06965560130932134  0.0
-2.503181818181818  0.06979135811019249  0.0
-2.4837078651685385  0.06992327333555969  0.0
-2.464666666666666  0.07005149589739507  0.0
-2.4460439560439555  0.07017616750147897  0.0
-2.4278260869565216  0.07029742306058469  0.0
-2.4099999999999993  0.07041539108054894  0.0
-2.3925531914893616  0.07053019402121283  0.0
-2.375473684210526  0.07064194863405941  0.0
-2.3587499999999997  0.07075076627822872  0.0
-2.3423711340206186  0.0708567532164586  0.0
-2.3263265306122447  0.07096001089237804  0.0
-2.31060606060606  0.07106063619046882  0.0
-2.2951999999999995  0.07115872167990892  0.0
-2.28009900990099  0.07125435584341838  0.0
-2.2652941176470582  0.07134762329214216  0.0
-2.250776699029126  0.07143860496752609  0.0
-2.236538461538461  0.0715273783310706  0.0
-2.2225714285714284  0.07161401754277952  0.0
-2.2088679245283016  0.07169859362906143  0.0
-2.195420560747663  0.07178117464078468  0.0
-2.1822222222222223  0.07186182580213574  0.0
-2.1692660550458713  0.07194060965088338  0.0
-2.156545454545454  0.07201758617060743  0.0
-2.1440540540540534  0.07209281291541074  0.0
-2.131785714285714  0.07216634512759604  0.0
-2.119734513274336  0.07223823584875519  0.0
-2.1078947368421046  0.07230853602468666  0.0
-2.096260869565217  0.07237729460452846  0.0
-2.084827586206896  0.07244455863446608  0.0
-2.0735897435897432  0.07251037334635116  0.0
-2.0625423728813557  0.07257478224154264  0.0
-2.0516806722689074  0.07263782717026179  0.0
-2.0409999999999995  0.07269954840673219  0.0
-2.030495867768595  0.07275998472035793  0.0
-2.020163934426229  0.07281917344317604  0.0
-2.01  0.07287715053380503  0.0
-2.0  0.07293395768280073  0.0
-1.995  0.07296227085979913  0.0
-1.99  0.07299052382397507  0.0
-1.985  0.07301871274341369  0.0
-1.98  0.07304684129330136  0.0
-1.975  0.07307490939549378  0.0
-1.97  0.07310291697199359  0.0
-1.965  0.07313086394495057  0.0
-1.96  0.07315875023666217  0.0
-1.955  0.0731865757695737  0.0
-1.95  0.07321434046627888  0.0
-1.945  0.07324204424952002  0.0
-1.94  0.07326968704218846  0.0
-1.935  0.07329726876732497  0.0
-1.93  0.07332478934811998  0.0
-1.925  0.07335224870791406  0.0
-1.92  0.07337964677019823  0.0
-1.915  0.07340698345861431  0.0
-1.91  0.07343425869695527  0.0
-1.905  0.07346147240916558  0.0
-1.9  0.0734886245193416  0.0
-1.895  0.07351571495173188  0.0
-1.89  0.07354274363073758  0.0
-1.885  0.07356971048091272  0.0
-1.88  0.07359661542696466  0.0
-1.875  0.07362345839375431  0.0
-1.87  0.07365023930629662  0.0
-1.8650000000000002  0.07367695808976078  0.0
-1.8599999999999999  0.07370361466947076  0.0
-1.855  0.07373020897090539  0.0
-1.85  0.07375674091969903  0.0
-1.8450000000000002  0.0737832104416416  0.0
-1.84  0.0738096174626792  0.0
-1.8350000000000002  0.07383596190891423  0.0
-1.83  0.07386224370660587  0.0
-1.8250000000000002  0.07388846278217041  0.0
-1.82  0.07391461906218152  0.0
-1.8150000000000002  0.0739407124733707  0.0
-1.81  0.07396674294262752  0.0
-1.8050000000000002  0.07399271039700002  0.0
-1.8  0.07401861476369505  0.0
-1.7950000000000002  0.07404445597007855  0.0
-1.79  0.07407023394367598  0.0
-1.7850000000000001  0.07409594861217263  0.0
-1.78  0.07412159990341387  0.0
-1.7750000000000001  0.07414718774540562  0.0
-1.77  0.07417271206631457  0.0
-1.7650000000000001  0.07419817279446864  0.0
-1.76  0.07422356985835718  0.0
-1.7550000000000001  0.07424890318663141  0.0
-1.75  0.07427417270810474  0.0
-1.745  0.07429937835175299  0.0
-1.74  0.07432452004671487  0.0
-1.735  0.07434959772229227  0.0
-1.73  0.0743746113079505  0.0
-1.725  0.07439956073331883  0.0
-1.72  0.07442444592819046  0.0
-1.715  0.07444926682252329  0.0
-1.71  0.07447402334643993  0.0
-1.705  0.07449871543022814  0.0
-1.7  0.07452334300434113  0.0
-1.695  0.07454790599939794  0.0
-1.69  0.07457240434618367  0.0
-1.685  0.07459683797564994  0.0
-1.68  0.07462120681891507  0.0
-1.675  0.07464551080726449  0.0
-1.67  0.07466974987215105  0.0
-1.665  0.07469392394519529  0.0
-1.66  0.07471803295818592  0.0
-1.655  0.07474207684307987  0.0
-1.65  0.0747660555320029  0.0
-1.645  0.0747899689572497  0.0
-1.6400000000000001  0.07481381705128434  0.0
-1.6350000000000002  0.07483759974674051  0.0
-1.63  0.07486131697642188  0.0
-1.625  0.07488496867330242  0.0
-1.62  0.07490855477052669  0.0
-1.6150000000000002  0.07493207520141014  0.0
-1.6099999999999999  0.07495552989943949  0.0
-1.605  0.074978918798273  0.0
-1.6  0.07500224183174072  0.0
-1.5950000000000002  0.07502549893384494  0.0
-1.5899999999999999  0.0750486900387604  0.0
-1.585  0.07507181508083464  0.0
-1.58  0.07509487399458828  0.0
-1.5750000000000002  0.07511786671471535  0.0
-1.57  0.07514079317608362  0.0
-1.5650000000000002  0.07516365331373484  0.0
-1.56  0.07518644706288513  0.0
-1.5550000000000002  0.07520917435892518  0.0
-1.55  0.07523183513742075  0.0
-1.5450000000000002  0.07525442933411268  0.0
-1.54  0.07527695688491746  0.0
-1.5350000000000001  0.07529941772592742  0.0
-1.53  0.07532181179341103  0.0
-1.5250000000000001  0.0753441390238132  0.0
-1.52  0.07536639935375562  0.0
-1.5150000000000001  0.07538859272003699  0.0
-1.51  0.07541071905963345  0.0
-1.5050000000000001  0.0754327783096987  0.0
-1.5  0.07545477040756444  0.0
-1.495  0.07547669529074057  0.0
-1.49  0.0754985528969156  0.0
-1.485  0.07552034316395678  0.0
-1.48  0.07554206602991063  0.0
-1.475  0.07556372143300294  0.0
-1.47  0.07558530931163933  0.0
-1.465  0.07560682960440535  0.0
-1.46  0.07562828225006692  0.0
-1.455  0.07564966718757048  0.0
-1.45  0.07567098435604341  0.0
-1.445  0.07569223369479422  0.0
-1.44  0.07571341514331288  0.0
-1.435  0.07573452864127114  0.0
-1.43  0.07575557412852274  0.0
-1.425  0.07577655154510372  0.0
-1.42  0.07579746083123276  0.0
-1.415  0.0758183019273114  0.0
-1.4100000000000001  0.07583907477392438  0.0
-1.4050000000000002  0.0758597793118398  0.0
-1.4  0.07588041548200962  0.0
-1.395  0.07590098322556973  0.0
-1.3900000000000001  0.07592148248384029  0.0
-1.3850000000000002  0.07594191319832609  0.0
-1.38  0.07596227531071673  0.0
-1.375  0.07598256876288693  0.0
-1.37  0.07600279349689686  0.0
-1.3650000000000002  0.0760229494549923  0.0
-1.3599999999999999  0.07604303657960501  0.0
-1.355  0.07606305481335299  0.0
-1.35  0.07608300409904076  0.0
-1.3450000000000002  0.07610288437965951  0.0
-1.3399999999999999  0.07612269559838761  0.0
-1.335  0.07614243769859064  0.0
-1.33  0.07616211062382176  0.0
-1.3250000000000002  0.07618171431782209  0.0
-1.3199999999999998  0.07620124872452075  0.0
-1.315  0.07622071378803533  0.0
-1.31  0.07624010945267203  0.0
-1.3050000000000002  0.07625943566292595  0.0
-1.2999999999999998  0.07627869236348142  0.0
-1.295  0.07629787949921218  0.0
-1.29  0.07631699701518173  0.0
-1.2850000000000001  0.0763360448566435  0.0
-1.28  0.07635502296904118  0.0
-1.2750000000000001  0.07637393129800892  0.0
-1.27  0.07639276978937164  0.0
-1.2650000000000001  0.07641153838914526  0.0
-1.26  0.07643023704353703  0.0
-1.2550000000000001  0.07644886569894568  0.0
-1.25  0.07646742430196168  0.0
-1.245  0.07648591279936764  0.0
-1.24  0.07650433113813837  0.0
-1.235  0.07652267926544128  0.0
-1.23  0.07654095712863654  0.0
-1.225  0.07655916467527743  0.0
-1.22  0.07657730185311044  0.0
-1.215  0.07659536861007571  0.0
-1.21  0.07661336489430712  0.0
-1.205  0.0766312906541326  0.0
-1.2  0.07664914583807438  0.0
-1.195  0.07666693039484926  0.0
-1.19  0.0766846442733688  0.0
-1.185  0.07670228742273959  0.0
-1.18  0.07671985979226352  0.0
-1.175  0.07673736133143795  0.0
-1.17  0.07675479198995604  0.0
-1.165  0.07677215171770695  0.0
-1.1600000000000001  0.07678944046477605  0.0
-1.1550000000000002  0.07680665818144525  0.0
-1.15  0.0768238048181931  0.0
-1.145  0.07684088032569518  0.0
-1.1400000000000001  0.0768578846548242  0.0
-1.1350000000000002  0.07687481775665034  0.0
-1.13  0.07689167958244145  0.0
-1.125  0.07690847008366321  0.0
-1.12  0.07692518921197948  0.0
-1.1150000000000002  0.07694183691925252  0.0
-1.1099999999999999  0.07695841315754307  0.0
-1.105  0.07697491787911079  0.0
-1.1  0.07699135103641437  0.0
-1.0950000000000002  0.07700771258211174  0.0
-1.0899999999999999  0.0770240024690604  0.0
-1.085  0.07704022065031753  0.0
-1.08  0.07705636707914026  0.0
-1.0750000000000002  0.07707244170898594  0.0
-1.0699999999999998  0.07708844449351235  0.0
-1.065  0.07710437538657784  0.0
-1.06  0.0771202343422416  0.0
-1.0550000000000002  0.07713602131476395  0.0
-1.0499999999999998  0.0771517362586065  0.0
-1.045  0.07716737912843231  0.0
-1.04  0.07718294987910625  0.0
-1.0350000000000001  0.07719844846569505  0.0
-1.03  0.07721387484346764  0.0
-1.0250000000000001  0.07722922896789536  0.0
-1.02  0.07724451079465208  0.0
-1.0150000000000001  0.07725972027961452  0.0
-1.01  0.07727485737886239  0.0
-1.0050000000000001  0.07728992204867861  0.0
-1.0  0.07730491424554962  0.0
-0.995  0.07731983392616501  0.0
-0.99  0.07733468104741992  0.0
-0.985  0.07734945556641104  0.0
-0.98  0.077364157440441  0.0
-0.975  0.07737878662701654  0.0
-0.97  0.07739334308384903  0.0
-0.965  0.07740782676885467  0.0
-0.96  0.07742223764015489  0.0
-0.955  0.07743657565607627  0.0
-0.95  0.07745084077515096  0.0
-0.945  0.0774650329561168  0.0
-0.94  0.07747915215791745  0.0
-0.9349999999999999  0.07749319833970274  0.0
-0.9299999999999999  0.07750717146082872  0.0
-0.9249999999999999  0.07752107148085798  0.0
-0.9199999999999999  0.0775348983595597  0.0
-0.9149999999999999  0.07754865205691003  0.0
-0.9099999999999999  0.07756233253309208  0.0
-0.9049999999999999  0.0775759397484963  0.0
-0.8999999999999999  0.07758947366372053  0.0
-0.8949999999999999  0.07760293423957028  0.0
-0.8899999999999999  0.07761632143705884  0.0
-0.8849999999999999  0.07762963521740754  0.0
-0.8799999999999999  0.07764287554204594  0.0
-0.8749999999999999  0.07765604237261192  0.0
-0.8699999999999999  0.07766913567095199  0.0
-0.8649999999999999  0.07768215539912138  0.0
-0.8599999999999999  0.07769510151938427  0.0
-0.8549999999999999  0.07770797399421395  0.0
-0.8499999999999999  0.07772077278629304  0.0
-0.8449999999999999  0.0777334978585136  0.0
-0.8400000000000001  0.0777461491739774  0.0
-0.8350000000000001  0.07775872669599604  0.0
-0.8300000000000001  0.07777123038809106  0.0
-0.8250000000000001  0.0777836602139943  0.0
-0.8200000000000001  0.07779601613764792  0.0
-0.8150000000000001  0.07780829812320464  0.0
-0.81  0.07782050613502785  0.0
-0.805  0.07783264013769192  0.0
-0.8  0.07784470009598217  0.0
-0.795  0.07785668597489522  0.0
-0.79  0.07786859773963908  0.0
-0.785  0.07788043535563334  0.0
-0.78  0.07789219878850928  0.0
-0.775  0.07790388800411013  0.0
-0.77  0.07791550296849116  0.0
-0.765  0.07792704364791987  0.0
-0.76  0.07793851000887615  0.0
-0.755  0.07794990201805253  0.0
-0.75  0.07796121964235411  0.0
-0.745  0.07797246284889899  0.0
-0.74  0.07798363160501824  0.0
-0.735  0.07799472587825618  0.0
-0.73  0.07800574563637042  0.0
-0.725  0.07801669084733213  0.0
-0.72  0.07802756147932613  0.0
-0.715  0.07803835750075105  0.0
-0.71  0.07804907888021949  0.0
-0.705  0.0780597255865582  0.0
-0.7  0.07807029758880817  0.0
-0.695  0.07808079485622484  0.0
-0.69  0.0780912173582782  0.0
-0.6849999999999999  0.078101565064653  0.0
-0.6799999999999999  0.0781118379452488  0.0
-0.6749999999999999  0.07812203597018023  0.0
-0.6699999999999999  0.07813215910977706  0.0
-0.6649999999999999  0.07814220733458437  0.0
-0.6599999999999999  0.07815218061536267  0.0
-0.6549999999999999  0.07816207892308805  0.0
-0.6499999999999999  0.07817190222895237  0.0
-0.6449999999999999  0.07818165050436332  0.0
-0.6399999999999999  0.0781913237209446  0.0
-0.6349999999999999  0.07820092185053609  0.0
-0.6299999999999999  0.07821044486519392  0.0
-0.6249999999999999  0.07821989273719065  0.0
-0.6199999999999999  0.07822926543901537  0.0
-0.6149999999999999  0.0782385629433739  0.0
-0.6099999999999999  0.07824778522318881  0.0
-0.6049999999999999  0.07825693225159967  0.0
-0.5999999999999999  0.07826600400196315  0.0
-0.5949999999999999  0.07827500044785309  0.0
-0.5900000000000001  0.07828392156306063  0.0
-0.5850000000000001  0.07829276732159447  0.0
-0.5800000000000001  0.07830153769768082  0.0
-0.5750000000000001  0.07831023266576363  0.0
-0.5700000000000001  0.0783188522005047  0.0
-0.5650000000000001  0.07832739627678384  0.0
-0.56  0.07833586486969882  0.0
-0.555  0.0783442579545657  0.0
-0.55  0.0783525755069189  0.0
-0.545  0.0783608175025112  0.0
-0.54  0.07836898391731399  0.0
-0.535  0.07837707472751734  0.0
-0.53  0.07838508990953011  0.0
-0.525  0.07839302943998004  0.0
-0.52  0.07840089329571394  0.0
-0.515  0.07840868145379772  0.0
-0.51  0.07841639389151657  0.0
-0.505  0.07842403058637501  0.0
-0.5  0.07843159151609705  0.0
-0.495  0.07843907665862623  0.0
-0.49  0.07844648599212582  0.0
-0.485  0.07845381949497887  0.0
-0.48  0.07846107714578833  0.0
-0.475  0.07846825892337707  0.0
-0.47  0.07847536480678821  0.0
-0.46499999999999997  0.07848239477528494  0.0
-0.45999999999999996  0.07848934880835082  0.0
-0.45499999999999996  0.0784962268856898  0.0
-0.44999999999999996  0.0785030289872263  0.0
-0.44499999999999995  0.07850975509310537  0.0
-0.43999999999999995  0.07851640518369277  0.0
-0.43499999999999994  0.07852297923957503  0.0
-0.42999999999999994  0.07852947724155958  0.0
-0.42499999999999993  0.0785358991706748  0.0
-0.41999999999999993  0.0785422450081702  0.0
-0.4149999999999999  0.07854851473551638  0.0
-0.4099999999999999  0.07855470833440524  0.0
-0.4049999999999999  0.07856082578675001  0.0
-0.3999999999999999  0.07856686707468541  0.0
-0.3949999999999999  0.07857283218056751  0.0
-0.3899999999999999  0.0785787210869742  0.0
-0.3849999999999999  0.07858453377670489  0.0
-0.3799999999999999  0.07859027023278084  0.0
-0.3749999999999999  0.07859593043844516  0.0
-0.3699999999999999  0.07860151437716288  0.0
-0.3649999999999999  0.07860702203262103  0.0
-0.3599999999999999  0.07861245338872883  0.0
-0.35499999999999987  0.07861780842961752  0.0
-0.34999999999999987  0.07862308713964071  0.0
-0.34499999999999986  0.0786282895033743  0.0
-0.33999999999999986  0.0786334155056166  0.0
-0.33499999999999985  0.07863846513138839  0.0
-0.33000000000000007  0.07864343836593303  0.0
-0.32500000000000007  0.07864833519471644  0.0
-0.32000000000000006  0.07865315560342725  0.0
-0.31500000000000006  0.07865789957797692  0.0
-0.31000000000000005  0.07866256710449968  0.0
-0.30500000000000005  0.07866715816935262  0.0
-0.30000000000000004  0.07867167275911592  0.0
-0.29500000000000004  0.07867611086059266  0.0
-0.29000000000000004  0.07868047246080911  0.0
-0.28500000000000003  0.07868475754701464  0.0
-0.28  0.07868896610668184  0.0
-0.275  0.07869309812750662  0.0
-0.27  0.07869715359740823  0.0
-0.265  0.07870113250452926  0.0
-0.26  0.07870503483723582  0.0
-0.255  0.0787088605841175  0.0
-0.25  0.0787126097339875  0.0
-0.245  0.0787162822758826  0.0
-0.24  0.07871987819906327  0.0
-0.235  0.07872339749301371  0.0
-0.22999999999999998  0.07872684014744195  0.0
-0.22499999999999998  0.07873020615227977  0.0
-0.21999999999999997  0.0787334954976829  0.0
-0.21499999999999997  0.07873670817403092  0.0
-0.20999999999999996  0.07873984417192745  0.0
-0.20499999999999996  0.07874290348220014  0.0
-0.19999999999999996  0.07874588609590069  0.0
-0.19499999999999995  0.07874879200430486  0.0
-0.18999999999999995  0.07875162119891263  0.0
-0.18499999999999994  0.07875437367144818  0.0
-0.17999999999999994  0.07875704941385982  0.0
-0.17499999999999993  0.07875964841832025  0.0
-0.16999999999999993  0.07876217067722646  0.0
-0.16499999999999992  0.07876461618319971  0.0
-0.15999999999999992  0.07876698492908575  0.0
-0.15499999999999992  0.07876927690795467  0.0
-0.1499999999999999  0.07877149211310104  0.0
-0.1449999999999999  0.07877363053804394  0.0
-0.1399999999999999  0.07877569217652695  0.0
-0.1349999999999999  0.07877767702251813  0.0
-0.1299999999999999  0.07877958507021028  0.0
-0.12499999999999989  0.07878141631402068  0.0
-0.11999999999999988  0.07878317074859124  0.0
-0.11499999999999988  0.07878484836878853  0.0
-0.10999999999999988  0.07878644916970394  0.0
-0.10499999999999987  0.07878797314665342  0.0
-0.09999999999999987  0.07878942029517767  0.0
-0.09499999999999986  0.07879079061104217  0.0
-0.08999999999999986  0.07879208409023719  0.0
-0.08499999999999985  0.07879330072897776  0.0
-0.08000000000000007  0.07879444052370373  0.0
-0.07500000000000007  0.07879550347107979  0.0
-0.07000000000000006  0.0787964895679955  0.0
-0.06500000000000006  0.07879739881156518  0.0
-0.06000000000000005  0.07879823119912815  0.0
-0.055000000000000056  0.07879898672824857  0.0
-0.050000000000000044  0.07879966539671542  0.0
-0.04500000000000005  0.07880026720254271  0.0
-0.040000000000000036  0.0788007921439693  0.0
-0.03500000000000004  0.078801240219459  0.0
-0.030000000000000027  0.07880161142770059  0.0
-0.025000000000000026  0.07880190576760768  0.0
-0.020000000000000018  0.07880212323831896  0.0
-0.015000000000000017  0.078802263839198  0.0
-0.010000000000000009  0.07880232756983337  0.0
-0.005000000000000009  0.0788023144300385  0.0
0.0  0.0788022244198519  0.0
0.005  0.07880205753953694  0.0
0.010000000000000231  0.07880181378958201  0.0
0.015000000000000232  0.07880149317070043  0.0
0.020000000000000018  0.07880109568383047  0.0
0.02500000000000002  0.07880062133013531  0.0
0.03000000000000025  0.07880007011100318  0.0
0.035000000000000246  0.0787994420280471  0.0
0.040000000000000036  0.07879873708310511  0.0
0.04500000000000003  0.07879795527824017  0.0
0.04999999999999982  0.07879709661574007  0.0
0.05499999999999982  0.07879616109811757  0.0
0.06000000000000005  0.07879514872811025  0.0
0.06500000000000006  0.07879405950868067  0.0
0.06999999999999984  0.07879289344301611  0.0
0.07499999999999984  0.07879165053452875  0.0
0.08000000000000007  0.0787903307868556  0.0
0.08500000000000008  0.07878893420385852  0.0
0.08999999999999986  0.07878746078962404  0.0
0.09499999999999986  0.07878591054846355  0.0
0.10000000000000009  0.07878428348491316  0.0
0.1050000000000001  0.07878257960373371  0.0
0.10999999999999988  0.07878079890991067  0.0
0.11499999999999988  0.07877894140865431  0.0
0.1200000000000001  0.07877700710539949  0.0
0.1250000000000001  0.07877499600580565  0.0
0.1299999999999999  0.07877290811575685  0.0
0.1349999999999999  0.0787707434413618  0.0
0.14000000000000012  0.07876850198895367  0.0
0.14500000000000013  0.07876618376509008  0.0
0.1499999999999999  0.07876378877655324  0.0
0.15499999999999992  0.07876131703034973  0.0
0.16000000000000014  0.07875876853371061  0.0
0.16500000000000015  0.07875614329409125  0.0
0.16999999999999993  0.07875344131917135  0.0
0.17499999999999993  0.07875066261685496  0.0
0.18000000000000016  0.07874780719527033  0.0
0.18500000000000016  0.07874487506276998  0.0
0.18999999999999995  0.0787418662279306  0.0
0.19499999999999995  0.07873878069955298  0.0
0.20000000000000018  0.07873561848666207  0.0
0.20500000000000018  0.0787323795985068  0.0
0.20999999999999996  0.07872906404456016  0.0
0.21499999999999997  0.07872567183451908  0.0
0.2200000000000002  0.07872220297830439  0.0
0.2250000000000002  0.07871865748606081  0.0
0.22999999999999998  0.07871503536815688  0.0
0.235  0.07871133663518486  0.0
0.2400000000000002  0.07870756129796073  0.0
0.24500000000000022  0.0787037093675242  0.0
0.25  0.0786997808551385  0.0
0.255  0.07869577577229045  0.0
0.26000000000000023  0.07869169413069037  0.0
0.26500000000000024  0.07868753594227201  0.0
0.27  0.07868330121919248  0.0
0.275  0.07867898997383226  0.0
0.28000000000000025  0.07867460221879503  0.0
0.28500000000000025  0.07867013796690774  0.0
0.29000000000000004  0.07866559723122037  0.0
0.29500000000000004  0.0786609800250061  0.0
0.30000000000000027  0.07865628636176103  0.0
0.30500000000000027  0.07865151625520424  0.0
0.31000000000000005  0.07864666971927764  0.0
0.31500000000000006  0.07864174676814607  0.0
0.31999999999999984  0.07863674741619692  0.0
0.32499999999999984  0.0786316716780404  0.0
0.33000000000000007  0.07862651956850926  0.0
0.3350000000000001  0.07862129110265878  0.0
0.33999999999999986  0.07861598629576673  0.0
0.34499999999999986  0.0786106051633332  0.0
0.3500000000000001  0.07860514772108053  0.0
0.3550000000000001  0.07859961398495348  0.0
0.3599999999999999  0.07859400397111876  0.0
0.3649999999999999  0.07858831769596528  0.0
0.3700000000000001  0.07858255517610382  0.0
0.3750000000000001  0.07857671642836721  0.0
0.3799999999999999  0.07857080146980998  0.0
0.3849999999999999  0.07856481031770846  0.0
0.3900000000000001  0.07855874298956063  0.0
0.39500000000000013  0.0785525995030861  0.0
0.3999999999999999  0.07854637987622586  0.0
0.4049999999999999  0.07854008412714236  0.0
0.41000000000000014  0.07853371227421939  0.0
0.41500000000000015  0.07852726433606191  0.0
0.41999999999999993  0.07852074033149606  0.0
0.42499999999999993  0.07851414027956896  0.0
0.43000000000000016  0.07850746419954872  0.0
0.43500000000000016  0.07850071211092433  0.0
0.43999999999999995  0.07849388403340547  0.0
0.44499999999999995  0.07848697998692254  0.0
0.4500000000000002  0.07847999999162647  0.0
0.4550000000000002  0.07847294406788868  0.0
0.45999999999999996  0.07846581223630096  0.0
0.46499999999999997  0.07845860451767538  0.0
0.4700000000000002  0.07845132093304413  0.0
0.4750000000000002  0.07844396150365951  0.0
0.48  0.07843652625099377  0.0
0.485  0.07842901519673905  0.0
0.4900000000000002  0.07842142836280713  0.0
0.4950000000000002  0.0784137657713296  0.0
0.5  0.07840602744465744  0.0
0.505  0.07839821340536118  0.0
0.5100000000000002  0.07839032367623057  0.0
0.5150000000000002  0.07838235828027468  0.0
0.52  0.07837431724072151  0.0
0.525  0.07836620058101822  0.0
0.5300000000000002  0.07835800832483072  0.0
0.5350000000000003  0.0783497404960438  0.0
0.54  0.07834139711876073  0.0
0.545  0.07833297821730341  0.0
0.5500000000000003  0.0783244838162121  0.0
0.5550000000000003  0.0783159139402454  0.0
0.56  0.07830726861438003  0.0
0.5650000000000001  0.07829854786381076  0.0
0.5699999999999998  0.07828975171395024  0.0
0.5749999999999998  0.07828088019042899  0.0
0.5800000000000001  0.07827193331909517  0.0
0.5850000000000001  0.07826291112601451  0.0
0.5899999999999999  0.07825381363747011  0.0
0.5949999999999999  0.07824464087996241  0.0
0.6000000000000001  0.07823539288020899  0.0
0.6050000000000001  0.07822606966514449  0.0
0.6099999999999999  0.07821667126192042  0.0
0.6149999999999999  0.0782071976979051  0.0
0.6200000000000001  0.07819764900068345  0.0
0.6250000000000001  0.07818802519805693  0.0
0.6299999999999999  0.07817832631804336  0.0
0.6349999999999999  0.07816855238887678  0.0
0.6400000000000001  0.07815870343900735  0.0
0.6450000000000001  0.07814877949710118  0.0
0.6499999999999999  0.0781387805920402  0.0
0.6549999999999999  0.07812870675292201  0.0
0.6600000000000001  0.07811855800905979  0.0
0.6650000000000001  0.07810833438998206  0.0
0.6699999999999999  0.07809803592543263  0.0
0.6749999999999999  0.07808766264537043  0.0
0.6800000000000002  0.07807721457996933  0.0
0.6850000000000002  0.07806669175961801  0.0
0.69  0.07805609421491988  0.0
0.695  0.0780454219766928  0.0
0.7000000000000002  0.078034675075969  0.0
0.7050000000000002  0.07802385354399506  0.0
0.71  0.07801295741223149  0.0
0.715  0.07800198671235277  0.0
0.7200000000000002  0.07799094147624712  0.0
0.7250000000000002  0.07797982173601643  0.0
0.73  0.077968627523976  0.0
0.735  0.07795735887265448  0.0
0.7400000000000002  0.07794601581479355  0.0
0.7450000000000002  0.07793459838334801  0.0
0.75  0.0779231066114854  0.0
0.755  0.07791154053258594  0.0
0.7600000000000002  0.07789990018024236  0.0
0.7650000000000002  0.07788818558825972  0.0
0.77  0.07787639679065528  0.0
0.775  0.07786453382165827  0.0
0.7800000000000002  0.0778525967157098  0.0
0.7850000000000003  0.07784058550746263  0.0
0.79  0.07782850023178103  0.0
0.795  0.07781634092374069  0.0
0.8000000000000003  0.07780410761862834  0.0
0.8050000000000003  0.07779180035194183  0.0
0.81  0.07777941915938975  0.0
0.8150000000000001  0.07776696407689146  0.0
0.8199999999999998  0.07775443514057662  0.0
0.8249999999999998  0.07774183238678542  0.0
0.8300000000000001  0.07772915585206801  0.0
0.8350000000000001  0.07771640557318459  0.0
0.8399999999999999  0.07770358158710514  0.0
0.8449999999999999  0.07769068393100914  0.0
0.8500000000000001  0.07767771264228561  0.0
0.8550000000000001  0.07766466775853276  0.0
0.8599999999999999  0.07765154931755784  0.0
0.8649999999999999  0.07763835735737704  0.0
0.8700000000000001  0.07762509191621512  0.0
0.8750000000000001  0.07761175303250552  0.0
0.8799999999999999  0.07759834074488986  0.0
0.8849999999999999  0.07758485509221795  0.0
0.8900000000000001  0.07757129611354754  0.0
0.8950000000000001  0.07755766384814416  0.0
0.8999999999999999  0.07754395833548088  0.0
0.9049999999999999  0.07753017961523816  0.0
0.9100000000000001  0.07751632772730366  0.0
0.9150000000000001  0.07750240271177201  0.0
0.9199999999999999  0.07748840460894466  0.0
0.9249999999999999  0.07747433345932969  0.0
0.9300000000000002  0.07746018930364154  0.0
0.9350000000000002  0.07744597218280092  0.0
0.94  0.07743168213793451  0.0
0.945  0.07741731921037484  0.0
0.9500000000000002  0.07740288344166005  0.0
0.9550000000000002  0.07738837487353374  0.0
0.96  0.07737379354794464  0.0
0.965  0.0773591395070466  0.0
0.9700000000000002  0.07734441279319822  0.0
0.9750000000000002  0.07732961344896273  0.0
0.98  0.07731474151710777  0.0
0.985  0.07729979704060518  0.0
0.9900000000000002  0.07728478006263076  0.0
0.9950000000000002  0.07726969062656372  0.0
1.0  0.07725452877598854  0.0
1.005  0.07723929455469045  0.0
1.0100000000000002  0.07722398800665961  0.0
1.0150000000000001  0.0772086091760887  0.0
1.02  0.07719315810737307  0.0
1.025  0.07717763484511063  0.0
1.0300000000000002  0.07716203943410159  0.0
1.0350000000000001  0.07714637191934826  0.0
1.04  0.07713063234605477  0.0
1.045  0.07711482075962693  0.0
1.0500000000000003  0.07709893720567206  0.0
1.0550000000000002  0.07708298172999856  0.0
1.06  0.07706695437861594  0.0
1.065  0.07705085519773439  0.0
1.0700000000000003  0.07703468423376476  0.0
1.0750000000000002  0.07701844153331813  0.0
1.08  0.07700212714320578  0.0
1.085  0.0769857411104388  0.0
1.0899999999999999  0.07696928348222791  0.0
1.0949999999999998  0.07695275430598338  0.0
1.1  0.07693615362931454  0.0
1.105  0.07691948150002981  0.0
1.1099999999999999  0.07690273796613628  0.0
1.1149999999999998  0.07688592307583957  0.0
1.12  0.0768690368775436  0.0
1.125  0.07685207941985031  0.0
1.13  0.07683505075155948  0.0
1.1349999999999998  0.0768179509216685  0.0
1.1400000000000001  0.07680077997937203  0.0
1.145  0.07678353797406189  0.0
1.15  0.07676622495532676  0.0
1.1549999999999998  0.07674884097295201  0.0
1.1600000000000001  0.0767313860769193  0.0
1.165  0.07671386031740657  0.0
1.17  0.07669626374478761  0.0
1.1749999999999998  0.07667859640963186  0.0
1.1800000000000002  0.07666085836270427  0.0
1.185  0.07664304965496493  0.0
1.19  0.07662517033756892  0.0
1.1949999999999998  0.07660722046186597  0.0
1.2000000000000002  0.07658920007940029  0.0
1.205  0.07657110924191032  0.0
1.21  0.07655294800132847  0.0
1.2149999999999999  0.07653471640978081  0.0
1.2200000000000002  0.07651641451958692  0.0
1.225  0.07649804238325959  0.0
1.23  0.07647960005350457  0.0
1.2349999999999999  0.0764610875832203  0.0
1.2400000000000002  0.07644250502549772  0.0
1.245  0.07642385243361995  0.0
1.25  0.07640512986106207  0.0
1.255  0.07638633736149085  0.0
1.2600000000000002  0.0763674749887645  0.0
1.2650000000000001  0.07634854279693243  0.0
1.27  0.07632954084023491  0.0
1.275  0.07631046917310302  0.0
1.2800000000000002  0.07629132785015803  0.0
1.2850000000000001  0.07627211692621157  0.0
1.29  0.076252836456265  0.0
1.295  0.0762334864955094  0.0
1.3000000000000003  0.07621406709932509  0.0
1.3050000000000002  0.07619457832328164  0.0
1.31  0.07617502022313732  0.0
1.315  0.07615539285483904  0.0
1.3200000000000003  0.07613569627452194  0.0
1.3250000000000002  0.07611593053850922  0.0
1.33  0.07609609570331187  0.0
1.335  0.07607619182562834  0.0
1.3399999999999999  0.07605621896234431  0.0
1.3449999999999998  0.07603617717053235  0.0
1.35  0.07601606650745181  0.0
1.355  0.07599588703054841  0.0
1.3599999999999999  0.07597563879745395  0.0
1.3649999999999998  0.07595532186598615  0.0
1.37  0.07593493629414827  0.0
1.375  0.07591448214012891  0.0
1.38  0.0758939594623017  0.0
1.3849999999999998  0.07587336831922498  0.0
1.3900000000000001  0.07585270876964159  0.0
1.395  0.07583198087247858  0.0
1.4  0.0758111846868469  0.0
1.4049999999999998  0.07579032027204113  0.0
1.4100000000000001  0.07576938768753923  0.0
1.415  0.07574838699300217  0.0
1.42  0.07572731824827378  0.0
1.4249999999999998  0.07570618151338032  0.0
1.4300000000000002  0.07568497684853032  0.0
1.435  0.07566370431411423  0.0
1.44  0.07564236397070412  0.0
1.4449999999999998  0.07562095587905346  0.0
1.4500000000000002  0.07559948010009676  0.0
1.455  0.0755779366949493  0.0
1.46  0.07555632572490688  0.0
1.4649999999999999  0.07553464725144549  0.0
1.4700000000000002  0.075512901336221  0.0
1.475  0.07549108804106895  0.0
1.48  0.07546920742800418  0.0
1.4849999999999999  0.07544725955922052  0.0
1.4900000000000002  0.07542524449709061  0.0
1.495  0.07540316230416545  0.0
1.5  0.07538101304317422  0.0
1.505  0.07535879677702402  0.0
1.5100000000000002  0.07533651356879936  0.0
1.5150000000000001  0.0753141634817621  0.0
1.52  0.07529174657935103  0.0
1.525  0.07526926292518157  0.0
1.5300000000000002  0.0752467125830455  0.0
1.5350000000000001  0.07522409561691068  0.0
1.54  0.07520141209092067  0.0
1.545  0.07517866206939447  0.0
1.5500000000000003  0.07515584561682631  0.0
1.5550000000000002  0.07513296279788514  0.0
1.56  0.07511001367741452  0.0
1.565  0.07508699832043218  0.0
1.5700000000000003  0.0750639167921298  0.0
1.5750000000000002  0.0750407691578727  0.0
1.58  0.07501755548319938  0.0
1.585  0.0749942758338215  0.0
1.5899999999999999  0.07497093027562328  0.0
1.5949999999999998  0.07494751887466135  0.0
1.6  0.07492404169716439  0.0
1.605  0.07490049880953284  0.0
1.6099999999999999  0.0748768902783386  0.0
1.6149999999999998  0.07485321617032464  0.0
1.62  0.07482947655240477  0.0
1.625  0.07480567149166327  0.0
1.63  0.07478180105535462  0.0
1.6349999999999998  0.07475786531090314  0.0
1.6400000000000001  0.07473386432590272  0.0
1.645  0.07470979816811645  0.0
1.65  0.07468566690547632  0.0
1.6549999999999998  0.07466147060608294  0.0
1.6600000000000001  0.07463720933820515  0.0
1.665  0.07461288317027977  0.0
1.67  0.07458849217091121  0.0
1.6749999999999998  0.07456403640887121  0.0
1.6800000000000002  0.07453951595309846  0.0
1.685  0.07451493087269834  0.0
1.69  0.07449028123694254  0.0
1.6949999999999998  0.07446556711526874  0.0
1.7000000000000002  0.07444078857728031  0.0
1.705  0.07441594569274601  0.0
1.71  0.0743910385315996  0.0
1.7149999999999999  0.07436606716393952  0.0
1.7200000000000002  0.07434103166002859  0.0
1.725  0.07431593209029369  0.0
1.73  0.07429076852532539  0.0
1.7349999999999999  0.07426554103587762  0.0
1.7400000000000002  0.07424024969286742  0.0
1.745  0.07421489456737448  0.0
1.75  0.07418947573064094  0.0
1.755  0.0741639932540709  0.0
1.7600000000000002  0.07413844720923028  0.0
1.7650000000000001  0.0741128376678463  0.0
1.77  0.07408716470180726  0.0
1.775  0.07406142838316218  0.0
1.7800000000000002  0.07403562878412043  0.0
1.7850000000000001  0.07400976597705142  0.0
1.79  0.07398384003448424  0.0
1.795  0.07395785102910743  0.0
1.8000000000000003  0.0739317990337684  0.0
1.8050000000000002  0.07390568412147337  0.0
1.81  0.07387950636538684  0.0
1.815  0.0738532658388313  0.0
1.8200000000000003  0.07382696261528691  0.0
1.8250000000000002  0.07380059676839118  0.0
1.83  0.0737741683719385  0.0
1.835  0.07374767749987997  0.0
1.8399999999999999  0.07372112422632295  0.0
1.8449999999999998  0.07369450862553069  0.0
1.85  0.07366783077192209  0.0
1.855  0.07364109074007125  0.0
1.8599999999999999  0.07361428860470717  0.0
1.8649999999999998  0.07358742444071345  0.0
1.87  0.07356049832312785  0.0
1.875  0.07353351032714193  0.0
1.88  0.07350646052810088  0.0
1.8849999999999998  0.0734793490015029  0.0
1.8900000000000001  0.07345217582299908  0.0
1.895  0.07342494106839292  0.0
1.9  0.07339764481364004  0.0
1.9049999999999998  0.07337028713484783  0.0
1.9100000000000001  0.07334286810827496  0.0
1.915  0.07331538781033126  0.0
1.92  0.07328784631757719  0.0
1.9249999999999998  0.07326024370672353  0.0
1.9300000000000002  0.07323258005463104  0.0
1.935  0.0732048554383101  0.0
1.94  0.07317706993492032  0.0
1.9449999999999998  0.07314922362177027  0.0
1.9500000000000002  0.07312131657631699  0.0
1.955  0.07309334887616578  0.0
1.96  0.0730653205990697  0.0
1.9649999999999999  0.0730372318229293  0.0
1.9700000000000002  0.07300908262579223  0.0
1.975  0.0729808730858529  0.0
1.98  0.07295260328145205  0.0
1.9849999999999999  0.07292427329107652  0.0
1.9900000000000002  0.07289588319335792  0.0
1.995  0.07286743306707563  0.0
2.0  0.07283892299115154  0.0
2.005  0.07281034919547247  0.0
2.01  0.0727817153641466  0.0
2.020163934426229  0.07272332480984672  0.0
2.030495867768595  0.07266372451171937  0.0
2.0409999999999995  0.07260287093025408  0.0
2.0516806722689074  0.07254072662409156  0.0
2.0625423728813557  0.07247725271209808  0.0
2.0735897435897432  0.0724124088058703  0.0
2.084827586206896  0.07234615293851582  0.0
2.096260869565217  0.07227844148947303  0.0
2.1078947368421046  0.07220922910511796  0.0
2.119734513274336  0.0721384686148866  0.0
2.131785714285714  0.07206611094262264  0.0
2.1440540540540534  0.07199210501283837  0.0
2.156545454545454  0.07191639765155432  0.0
2.1692660550458713  0.071838933481358  0.0
2.1822222222222223  0.0717596548102956  0.0
2.195420560747663  0.07167850151418118  0.0
2.2088679245283016  0.0715954109118768  0.0
2.2225714285714284  0.0715103176330627  0.0
2.236538461538461  0.07142315347797999  0.0
2.250776699029126  0.07133384726858784  0.0
2.2652941176470582  0.07124232469053425  0.0
2.28009900990099  0.0711485081252921  0.0
2.2951999999999995  0.07105231647176018  0.0
2.31060606060606  0.07095366495657464  0.0
2.3263265306122447  0.07085246493231404  0.0
2.3423711340206186  0.07074862366271656  0.0
2.3587499999999997  0.07064204409395508  0.0
2.375473684210526  0.07053262461093812  0.0
2.3925531914893616  0.07042025877751926  0.0
2.4099999999999993  0.07030483505940464  0.0
2.4278260869565216  0.0701862365284465  0.0
2.4460439560439555  0.07006434054690011  0.0
2.464666666666666  0.06993901843010047  0.0
2.4837078651685385  0.06981013508588324  0.0
2.503181818181818  0.06967754862892896  0.0
2.5231034482758616  0.06954110996805339  0.0
2.543488372093023  0.06940066236429215  0.0
2.56435294117647  0.06925604095743998  0.0
2.5857142857142854  0.06910707225849733  0.0
2.6075903614457827  0.06895357360525085  0.0
2.6299999999999994  0.0687953525779652  0.0
2.6529629629629623  0.06863220637189237  0.0
2.6765  0.06846392112300603  0.0
2.700632911392405  0.0682902711830419  0.0
2.725384615384615  0.0681110183395668  0.0
2.7507792207792203  0.06792591097640695  0.0
2.7768421052631576  0.06773468316933524  0.0
2.8035999999999994  0.0675370537114469  0.0
2.8310810810810803  0.06733272506213599  0.0
2.8593150684931503  0.0671213822130205  0.0
2.8883333333333328  0.06690269146354644  0.0
2.9181690140845067  0.06667629909832465  0.0
2.9488571428571424  0.06644182995751767  0.0
2.980434782608695  0.06619888589079  0.0
3.0129411764705876  0.06594704408445967  0.0
3.0464179104477607  0.06568585525054019  0.0
3.08090909090909  0.0654148416653323  0.0
3.116461538461538  0.06513349504411586  0.0
3.1531249999999993  0.06484127423729809  0.0
3.19095238095238  0.06453760273209976  0.0
3.2299999999999995  0.06422186594250531  0.0
3.2703278688524584  0.06389340826877665  0.0
3.3119999999999994  0.06355152990634244  0.0
3.3550847457627113  0.06319548338234919  0.0
3.3996551724137927  0.06282446979662197  0.0
3.4457894736842096  0.06243763474227638  0.0
3.493571428571428  0.06203406387980988  0.0
3.543090909090908  0.06161277813726009  0.0
3.594444444444444  0.061172728508066695  0.0
3.647735849056603  0.06071279041776537  0.0
3.7030769230769223  0.0602317576307848  0.0
3.760588235294117  0.05972833566969088  0.0
3.820399999999999  0.059201134721597826  0.0
3.882653061224489  0.058648662010637946  0.0
3.947499999999999  0.058069313622010885  0.0
4.015106382978723  0.05746136577308314  0.0
4.085652173913043  0.05682296554143731  0.0
4.159333333333333  0.056152121080189715  0.0
4.236363636363635  0.05544669137931573  0.0
4.3169767441860465  0.054704375670781756  0.0
4.40142857142857  0.053922702628469994  0.0
4.489999999999998  0.05309901958577585  0.0
4.582999999999999  0.05223048209039619  0.0
4.680769230769229  0.051314044245128594  0.0
4.7836842105263155  0.05034645045586447  0.0
4.89216216216216  0.049324229436982246  0.0
5.006666666666666  0.04824369162776646  0.0
5.127714285714285  0.047100931574323615  0.0
5.255882352941175  0.04589183735942567  0.0
5.391818181818181  0.04461210985573338  0.0
5.536249999999999  0.043257295483763614  0.0
5.6899999999999995  0.04182283733390892  0.0
5.853999999999999  0.040304151032770304  0.0
6.029310344827586  0.0386967336792072  0.0
6.217142857142855  0.03699631663008377  0.0
6.418888888888889  0.03519907595394722  0.0
6.636153846153844  0.03330191802445941  0.0
6.870799999999997  0.03130286192176322  0.0
7.124999999999998  0.029201544758134152  0.0
7.401304347826086  0.026999880030786228  0.0
7.702727272727271  0.02470290114119972  0.0
8.032857142857141  0.02231981945716397  0.0
8.395999999999999  0.019865313590714518  0.0
8.79736842105263  0.01736103512547989  0.0
9.24333333333333  0.01483725165173631  0.0
9.74176470588235  0.012334429524100372  0.0
10.302499999999997  0.009904358930475643  0.0
10.937999999999997  0.007610117757423593  0.0
11.664285714285711  0.0055237649881875964  0.0
12.502307692307689  0.003720260264389411  0.0
13.479999999999995  0.0022660851852614105  0.0
14.635454545454541  0.0012022024045347242  0.0
16.022  0.0005245703204718715  0.0
17.71666666666666  0.00017196670254709235  0.0
19.834999999999994  3.645734150321089e-5  0.0
22.558571428571423  3.842748132978119e-6  0.0
26.18999999999999  1.23012781954812e-7  0.0
31.273999999999994  4.6167191081255197e-10  0.0
38.89999999999999  1.4376005002737028e-13  0.0
51.609999999999985  2.3091515754844235e-18  0.0
77.02999999999997  2.0581475024003823e-28  0.0
153.28999999999996  1.3363495747310394e-56  0.0
