

sub_block0

0.01101		15.388618507023876 ; 20	0.1	1.101   
0.0121331301		15.303629161427656 ; 20	0.1001	1.10201   
0.01338320770751601		15.208360034449795 ; 20	0.10020009999999999	1.1030301   
0.014775869668226416		15.101419196768843 ; 20	0.10030030009999998	1.104060401   
0.016328828420253787		14.981212919548835 ; 20	0.10040060040009996	1.1051010050099999   
0.018062166460634355		14.84591911117071 ; 20	0.10050100100050005	1.1061520150600999   
0.019998675180443116		14.693460362343373 ; 20	0.10060150200150055	1.1072135352107009   
0.02216424513272518		14.521478933971595 ; 20	0.10070210350350203	1.108285670562808   
0.024588315980907934		14.327317635752529 ; 20	0.10080280560700552	1.109368527268436   
0.02730439576681921		14.108012883855693 ; 20	0.10090360841261252	1.1104622125411203   
0.03035066077500547		13.860309419918865 ; 20	0.10100451202102512	1.1115668346665315   
0.03377064919923754		13.580710159225118 ; 20	0.10110551653304613	1.1126825030131968   
0.037614064092189745		13.265578897467671 ; 20	0.10120662204957916	1.1138093280433288   
0.04193770376509367		12.911316765810703 ; 20	0.10130782867162873	1.114947421323762   
0.046806540978171385		12.514632688470643 ; 20	0.10140913650030034	1.1160968955369996   
0.05229497601754635		12.072919522263776 ; 20	0.10151054563680063	1.1172578644923696   
0.058488293201158496		11.584726421511075 ; 20	0.10161205618243742	1.1184304431372933   
0.0654843556281372		11.050282203760144 ; 20	0.10171366823861984	1.1196147475686662   
0.07339557924297517		10.471979651455987 ; 20	0.10181538190685845	1.120810895044353   
0.08235123471982415		9.85469414437683 ; 20	0.10191719728876529	1.1220190039947964   
0.09250013451446135		9.20580787060719 ; 40	0.10201911448605404	1.1232391940347444   
0.10401377296038568		8.53486284448175 ; 20	0.10212113360054008	1.1244715859750918   
0.11708999983685432		7.852865036782518 ; 20	0.10222325473414061	1.1257163018348426   
0.13195732281579928		7.171368050852535 ; 20	0.10232547798887474	1.126973464853191   
0.14887995209137908		6.5015265344494235 ; 40	0.1024278034668636	1.128243199501723   
0.1681637219032194		5.853299485090331 ; 40	0.10253023127033045	1.1295256314967403   
0.1901630493003197		5.2349155791583515 ; 20	0.10263276150160078	1.1308208878117076   
0.21528912122815355		4.652626542300306 ; 40	0.10273539426310237	1.1321290966898248   
0.24401953791432587		4.110707088671942 ; 40	0.10283812965736545	1.133450387656723   
0.27690968486411194		3.6116268572189676 ; 40	0.1029409677870228	1.1347848915332903   
0.31460615912142814		3.156317134496743 ; 40	0.10304390875480982	1.1361327404486232   
0.35786263971067594		2.7444702242552474 ; 40	0.10314695266356462	1.1374940678531096   
0.40755866967781323		2.374829954400097 ; 40	0.10325009961622818	1.1388690085316406   
0.4647219107382119		2.0454504781210225 ; 40	0.1033533497158444	1.140257698616957   
0.5305545446921986		1.7539142095779143 ; 40	0.10345670306556022	1.1416602756031267   
0.6064646327460227		1.4975082681268936 ; 40	0.10356015976862577	1.1430768783591578   
0.694103409899442		1.2733632773993544 ; 40	0.10366371992839439	1.1445076471427493   
0.795409693044153		1.0785601216863177 ; 40	0.10376738364832278	1.1459527236141769   
0.9126628262439526		0.9102104426251564 ; 40	0.10387115103197109	1.1474122508503186   
1.048545884542827		0.7655160712426569 ; 20	0.10397502218300304	1.1488863733588217   
1.2062212205332252		0.641811734108605 ; 40	0.10407899720518604	1.1503752370924099   
1.3894208805770407		0.5365945189874672 ; 40	0.10418307620239121	1.151878989463334   
1.6025549582511502		0.44754285382627484 ; 40	0.1042872592785936	1.1533977793579673   
1.8508416138649249		0.372527176965591 ; 40	0.10439154653787218	1.154931757151547   
2.1404632987446757		0.3096140399363447 ; 40	0.10449593808441004	1.1564810747230625   
2.4787547161114425		0.25706505765631027 ; 40	0.10460043402249444	1.158045885470293   
2.874429269922655		0.21333186979413482 ; 40	0.10470503445651692	1.159626344324996   
3.3378522526649608		0.17704807386527613 ; 40	0.10480973949097343	1.161222607768246   
3.881370869629918		0.14701891923339636 ; 60	0.1049145492304644	1.1628348338459285   
4.519713474087038		0.12220940291088611 ; 60	0.10501946377969484	1.1644631821843878   
4.519714224846763		0.12220937846957594 ; 20	0.10512448324347452	1.1510071036420289   
5.209048268774388		0.10315258053154854 ; 60	0.09556771203952229	1.152517174678449   
5.209049071188406		0.10315256171232996 ; 20	0.0956632797515618	1.1400384967502124   
5.209049807950481		0.1031525444328514 ; 20	0.08696661795596526	1.1285808015615586   
5.88553144562764		0.08935981737328501 ; 60	0.07906056177815023	1.129866609577174   
5.885532217604995		0.08935980369652084 ; 20	0.07913962233992837	1.119241159702678   
6.594347881570635		0.07833059023726241 ; 80	0.0719451112181167	1.1204335712997047   
7.39647055599853		0.06870808573383716 ; 60	0.0720170563293348	1.1216379070127016   
7.396471464686639		0.06870807614732392 ; 20	0.07208907338566413	1.1116857146207533   
8.230812467904231		0.060916908009087944 ; 60	0.06553552125969465	1.1128025717669607   
8.230813405645614		0.06091690024327163 ; 20	0.06560105678095435	1.103573270440573   
9.091830591082529		0.05453706524491399 ; 80	0.05963732434632213	1.1046090031449787   
9.091831551680736		0.05453705886544546 ; 20	0.059696961670668444	1.096050084705844   
9.973835454257637		0.04925830085409373 ; 80	0.05426996515515313	1.0970105855529024   
9.97383643150093		0.0492582955772728 ; 20	0.054324235120308276	1.0890733558258467   
10.871123543726924		0.04484869009363563 ; 60	0.04938566829118934	1.0899640893841052   
10.871124531517761		0.044848685658384034 ; 20	0.04943505395948052	1.0826033911617694   
11.778096201083484		0.04113282278458139 ; 60	0.044940958144982286	1.0834294250733871   
12.770562393544077		0.03771881601477838 ; 60	0.044985899103127266	1.084263719324121   
12.770563480400114		0.03771881258565082 ; 20	0.04503088500223039	1.0773694150157838   
13.768495016559609		0.03481762212083363 ; 60	0.0409371681838458	1.0781431091659417   
13.768496103231747		0.03481761930619711 ; 20	0.04097810535202964	1.0717495820523646   
14.7662587825372		0.032334308152048935 ; 60	0.03725282304729967	1.0724670778728882   
15.847027083873398		0.030017738878878413 ; 60	0.03729007587034697	1.0731917486516172   
15.847028255343737		0.03001773656634847 ; 20	0.03732736594621731	1.0672033328528485   
16.92265110106182		0.028021311435008862 ; 80	0.03393396904201573	1.067875366181377   
16.922652261179273		0.02802130945538363 ; 20	0.033967903011057746	1.0623219271301734   
17.98785108526046		0.026290518313385212 ; 100	0.03087991182823431	1.0629451464014752   
19.131421484470213		0.024655803084835788 ; 100	0.030910791740062542	1.06357459786549   
19.131422712905366		0.024655801439687455 ; 20	0.0309417025318026	1.0583730398583135   
20.259349606477702		0.02323086573511584 ; 80	0.028128820483456905	1.0589567702568967   
21.46571968498399		0.02187790583139732 ; 60	0.02815694930394036	1.0595463379594656   
21.465720975971042		0.02187790446715227 ; 20	0.0281851062532443	1.0546743648536911   
22.651081883063693		0.020692841942628905 ; 100	0.025622823866585723	1.055221108502228   
23.91440791192478		0.019562325932247018 ; 80	0.025648446690452305	1.0557733195872503   
23.914409259048554		0.019562324787650645 ; 20	0.025674095137142753	1.0512100479846571   
25.151313885185964		0.01856781735072787 ; 100	0.023340086488311592	1.0517221484645036   
26.46520267594135		0.01761508232274486 ; 80	0.023363426574799902	1.0522393699491486   
26.465204072292117		0.01761508136786681 ; 20	0.0233867900013747	1.0479652396805819   
27.74730802738035		0.016773726136617054 ; 200	0.021260718183067906	1.0484448920773877   
29.104965523633066		0.01596466014682952 ; 100	0.021281978901250973	1.0489293409981615   
30.5432931743071		0.015186851757310441 ; 140	0.021303260880152223	1.049418634408143   
30.543294698809017		0.015186850945915946 ; 20	0.021324564141032374	1.0453752915929315   
31.94306471100799		0.014497768841691985 ; 80	0.01938596740093852	1.045829044508861   
33.42162404674211		0.01383306552396114 ; 80	0.019405353368339456	1.0462873349539497   
33.42162560921		0.013833064846973811 ; 20	0.019424758721707795	1.0425001893668084   
34.85625528072137		0.013242357456761271 ; 100	0.017658871565188902	1.0429251912604764   
36.367428819515816		0.012670800789510597 ; 100	0.01767653043675409	1.0433544431730812   
36.38335338473949		0.012665031911821362 ; 40	0.017694206967190842	1.03980726145892   
37.84615826228748		0.012155897042525761 ; 120	0.01608564269744622	1.0402053340735091   
39.382991872984995		0.011661892724874348 ; 100	0.016101728340143662	1.0406073874142443   
40.99822468558852		0.011182739412818147 ; 60	0.016117830068483805	1.0410134612883868   
40.99822638388241		0.011182738875480156 ; 20	0.016133947898552287	1.0376578144557007   
42.55756902208124		0.010754776350878376 ; 100	0.01466722536232026	1.0380343926002578   
44.19240682326263		0.010338619301861742 ; 100	0.014681892587682578	1.0384147365262604   
45.90702288448534		0.009934092691650444 ; 80	0.01469657448027026	1.038798883891523   
45.90702468343801		0.00993409254424471 ; 20	0.014711271054750528	1.035624429754944   
47.55879037529257		0.009572063728773488 ; 100	0.013373882777045935	1.0359806740524935   
49.28709968346507		0.009219323838933579 ; 80	0.01338725665982298	1.0363404807930183   
51.09612775184952		0.00887576580733466 ; 240	0.013400643916482801	1.0367038856009485   
51.096129646030214		0.008875765451883948 ; 20	0.013414044560399283	1.0337008404154164   
52.835331982186965		0.008567743925170476 ; 100	0.012194585963999346	1.0340378488195705   
54.65171703495188		0.008267083116532715 ; 160	0.012206780549963344	1.0343782273077662   
56.549334477449044		0.007973719470351621 ; 140	0.012218987330513307	1.0347220095808438   
56.549336460590645		0.00797371914485596 ; 20	0.012231206317843819	1.0318811178878655   
58.370221083393105		0.007710263682281416 ; 80	0.011119278470767107	1.032199929066744   
60.26853323167348		0.007452675174733733 ; 60	0.011130397749237873	1.0325219283574114   
62.2481826408399		0.007200918206546587 ; 80	0.01114152814698711	1.0328471476409855   
62.248184705961904		0.007200917920880701 ; 20	0.011152669675134095	1.0301596537430866   
64.14434223979809		0.006974479409851755 ; 220	0.010138790613758268	1.0304612502805175   
66.11779827147421		0.006752739035887698 ; 40	0.010148929404372025	1.0307658627833227   
68.17231109172135		0.0065356814222290475 ; 60	0.010159078333776396	1.031073521411156   
68.19370646478176		0.006533490665212473 ; 120	0.010169237412110172	1.0285311423866068   
70.15880725728908		0.006338042880887624 ; 100	0.00924476128373652	1.028816453810473   
72.2007525663039		0.006146371906387646 ; 100	0.009254006045020255	1.0291046183485777   
74.3231416677055		0.005958471798706901 ; 260	0.009263260051065274	1.0293956645320634   
76.52976758853272		0.0057743356415956805 ; 100	0.009272523311116339	1.029689621177384   
76.52976988339394		0.005774335474174194 ; 20	0.009281795834427455	1.0272604703537798   
78.63686978171266		0.005608310977560456 ; 160	0.008437996213115867	1.0275330750573175   
80.82363576806479		0.005445327227573768 ; 160	0.008446434209328982	1.0278084058078907   
83.09368799499536		0.005285384625398096 ; 160	0.008454880643538311	1.0280864898659696   
83.11725947625591		0.005283770576877096 ; 120	0.008463335524181848	1.0257885043314812   
85.28216398034043		0.005139415682791452 ; 80	0.007693941385619861	1.026046389374796   
87.52566935459515		0.004997518059716015 ; 140	0.00770163532700548	1.026306853268544   
89.851219544947		0.004858082589077155 ; 160	0.007709336962332484	1.0265699218012294   
92.26243282077189		0.004721113478417883 ; 140	0.007717046299294816	1.0268356210192418   
92.28743960955495		0.004719731374105967 ; 60	0.0077247633455941106	1.0246399792994856   
94.58413981715273		0.004595997050328617 ; 300	0.007022512132358282	1.0248863790924805   
96.96153514437484		0.004474255882287144 ; 140	0.007029534644490639	1.0251352428834053   
99.42305839793856		0.004354514731292622 ; 220	0.007036564179135129	1.0253865953122394   
101.97231147567472		0.0042367798963021406 ; 220	0.007043600743314263	1.0256404612653618   
101.99871910841028		0.004235592023755629 ; 40	0.007050644344057577	1.0235426053436505   
104.42404785383272		0.004129139424763658 ; 100	0.006409676676415978	1.023778031397087   
106.93187612519685		0.0040243079408204185 ; 480	0.0064160863530923935	1.0240158117110578   
109.52561248615906		0.003921105602961768 ; 220	0.006422502439445485	1.0242559698281684   
112.20882893755375		0.0038195396279672358 ; 100	0.00642892494188493	1.02449852952645   
112.23659334577319		0.003818515084169503 ; 60	0.006435353866826815	1.0224941043833766   
114.78650160859115		0.003726603530200275 ; 140	0.005850321697115286	1.0227190454272104   
117.42041975051205		0.003636013955159704 ; 220	0.0058561720188124	1.0229462358814825   
117.44763275266592		0.0036351000942888363 ; 80	0.005862028190831212	1.0210688165820885   
119.946860211457		0.0035530058329768335 ; 100	0.005329116537119283	1.0212795047479093   
122.52479409063717		0.003471977573252278 ; 180	0.005334445653656402	1.0214922997953884   
125.184467093671		0.0033920243184845165 ; 140	0.005339780099310057	1.0217072227933421   
127.9290482823138		0.0033131545648189165 ; 100	0.005345119879409367	1.0219242950212755   
130.7618500206096		0.003235376791701332 ; 180	0.005350464999288776	1.0221435379714883   
130.79109487352022		0.0032345924777494378 ; 80	0.0053558154642880645	1.0203317939556393   
133.47690464164313		0.0031640733973576163 ; 220	0.004868923149352785	1.0205351118951957   
136.24527744560604		0.0030944344270908693 ; 180	0.004873792072502137	1.0207404630141477   
139.09932548469604		0.0030256841415348982 ; 420	0.004878665864574638	1.0209478676442891   
142.04229808695598		0.0029578305245302862 ; 140	0.004883544530439213	1.021157346320732   
145.07758856070254		0.0028908813932283805 ; 180	0.004888428074969651	1.0213689197839393   
148.20874142662757		0.002824844393807605 ; 660	0.004893316503044621	1.0215826089817788   
151.43946005365893		0.002759726738286117 ; 580	0.004898209819547665	1.0217984350715965   
151.4728016003552		0.0027590700115345647 ; 140	0.0049031080293672116	1.020014926747557   
154.5348357989163		0.0027000350667542934 ; 240	0.0044573709357883734	1.0202150760150324   
157.6900085860884		0.002641742044581853 ; 220	0.004461828306724161	1.0204172267751828   
160.94179717822593		0.0025841982078511527 ; 100	0.004466290135030884	1.0206213990429347   
164.29383065074816		0.0025274105771752133 ; 420	0.004470756425165915	1.020827613033364   
167.7498974625966		0.002471386513219697 ; 140	0.00447522718159108	1.0210358891636977   
167.78553802192408		0.0024708211946694435 ; 80	0.0044797024087726706	1.019314770959395   
171.05868465148833		0.0024200076705938036 ; 100	0.004072456735247882	1.019507918668989   
174.42905354837185		0.0023698093929170314 ; 240	0.00407652919198313	1.0197029978556789   
177.90019656908382		0.0023202340633811545 ; 340	0.004080605721175112	1.0199000278342356   
181.47581762115897		0.0022712876923603326 ; 220	0.004084686326896287	1.020099028112578   
185.1597800568809		0.0022229772671817885 ; 100	0.004088771013223183	1.0203000183937037   
185.19774340098428		0.0022224900734421145 ; 60	0.004092859784236406	1.0186391077978552   
188.68418331118644		0.0021786545951490302 ; 300	0.003720781622033096	1.0188254988758336   
192.2717779308069		0.0021353320630774606 ; 140	0.0037245024036551286	1.019013753864592   
195.9641442740976		0.0020925287721417583 ; 260	0.0037282269060587834	1.019203891403238   
199.76505116112153		0.0020502509995763926 ; 160	0.0037319551329648417	1.0193959303172704   
203.67842646339008		0.002008504771380923 ; 300	0.003735687088097806	1.0195898896204432   
203.71872584610418		0.0020080839100423105 ; 100	0.0037394227751859034	1.0179870804696798   
207.41967401222843		0.001970190336990388 ; 220	0.0033994752501690026	1.0181669512743765   
211.22553895446688		0.0019327257779654379 ; 340	0.003402874725419171	1.0183486207871202   
215.13999324244577		0.0018956961141029577 ; 160	0.00340627760014459	1.0185321069949913   
215.18026191591986		0.0018953228419561566 ; 40	0.0034096838777447343	1.017015843695401   
218.87835035604758		0.0018616796596989326 ; 200	0.0030997126161315764	1.017186002132355   
222.67761058995245		0.0018283834045787224 ; 220	0.003102812328747708	1.0173578621536787   
226.58146993197673		0.0017954500529701485 ; 80	0.003105915141076455	1.0175314407752156   
230.5934925490592		0.0017628740663452325 ; 140	0.003109021056217531	1.0177067551829677   
230.63473148050466		0.0017625456336250657 ; 80	0.0031121300772737484	1.0162580206679976   
234.42189235398448		0.0017329313503966035 ; 120	0.002829209161157953	1.0164206008746777   
238.30973416792222		0.0017036077760017628 ; 120	0.0028320383703191107	1.0165848068834245   
242.30157829673357		0.0016745800286541873 ; 160	0.0028348704086894297	1.0167506549522587   
246.4008755304942		0.001645853141911385 ; 280	0.002837705279098119	1.0169181615017813   
250.61121183496346		0.0016174322362838033 ; 420	0.0028405429843772166	1.017087343116799   
254.9363143981597		0.0015893224618270113 ; 120	0.0028433835273615933	1.017258216547967   
259.380057979182		0.0015615286789279533 ; 320	0.0028462269108889544	1.0174307987134468   
263.94647157590845		0.00153405609687569 ; 400	0.002849073137799843	1.0176051067005811   
268.6397454291976		0.001506909470775203 ; 200	0.0028519222109376426	1.017781157767587   
268.6879903587284		0.0015066359578953734 ; 140	0.00285477413314858	1.0163263357684207   
273.1185476097426		0.0014819798802645106 ; 660	0.0025952492119532544	1.016489599126105   
277.66719912737113		0.0014575879531919917 ; 320	0.0025978444611652073	1.016654495117366   
282.3378502096118		0.0014334649438335603 ; 240	0.0026004423056263724	1.0168210400685396   
287.13455866376546		0.0014096154033843675 ; 220	0.0026030427479319983	1.016989250469225   
292.0615416086297		0.0013860440223035812 ; 120	0.00260564579067993	1.0171591429739173   
297.12318261577127		0.0013627556395697212 ; 180	0.00260825143647061	1.0173307344036564   
297.17519118169844		0.0013625209791603469 ; 80	0.0026108596879070804	1.0159127652251756   
297.22295286008347		0.001362305651202375 ; 200	0.0023735088071882545	1.014610811706752   
301.6090481452386		0.0013428629030276516 ; 220	0.0021577352792620493	1.0147569198238195   
306.1043768922726		0.001323598492729528 ; 200	0.0021598930145413113	1.0149044890220578   
310.7123295105173		0.0013045167353489297 ; 200	0.0021620529075558523	1.0150535339122784   
310.7595704282687		0.0013043244542178486 ; 120	0.002164214960463408	1.0138218811376374   
315.0978050915599		0.001286954499203123 ; 140	0.0019674681458758253	1.0139600999490137   
319.5405899128808		0.0012697308335410222 ; 340	0.001969435614021701	1.0140997009485038   
324.0910709391477		0.001252658381447339 ; 280	0.0019714050496357225	1.0142406979579888   
328.7525068217945		0.0012357402981634442 ; 140	0.001973376454685358	1.0143831049375687   
333.5282734439422		0.0012189801185529113 ; 600	0.0019753498311400434	1.0145269359869444   
338.42186876088		0.0012023818300391023 ; 240	0.001977325180971183	1.0146722053468138   
343.4369178647152		0.001185949266358494 ; 480	0.001979302506152154	1.014818927400282   
348.5771782846531		0.0011696861360656707 ; 420	0.0019812818086583062	1.0149671166742846   
353.84654553500616		0.0011535963072653217 ; 260	0.0019832630904669645	1.0151167878410274   
359.24905892371066		0.00113768336588731 ; 480	0.001985246353557431	1.0152679557194377   
364.78890763484657		0.0011219513058373038 ; 400	0.0019872315999109884	1.0154206352766322   
