 0.00000E+00       0.0177038159       0.0000000000
 0.39793E-01       0.0526814097       0.0055611630
 0.79587E-01       0.0848675189       0.0218796236
 0.11938E+00       0.1243000569       0.0479186019
 0.15917E+00       0.1692825215       0.0821277234
 0.19897E+00       0.2182039868       0.1226581484
 0.23876E+00       0.2692043908       0.1675833308
 0.27855E+00       0.3205353547       0.2150834970
 0.31835E+00       0.3707119581       0.2635713489
 0.35814E+00       0.4187478551       0.3117560894
 0.39793E+00       0.4639187663       0.3586562565
 0.43773E+00       0.5058547159       0.4035774956
 0.47752E+00       0.5443894042       0.4460710873
 0.51732E+00       0.5795602709       0.4858855962
 0.55711E+00       0.6114912727       0.5229197577
 0.59690E+00       0.6403919392       0.5571810086
 0.63670E+00       0.6664892167       0.5887513965
 0.67649E+00       0.6900354703       0.6177609458
 0.71628E+00       0.7112699868       0.6443676973
 0.75608E+00       0.7304304239       0.6687432887
 0.79587E+00       0.7477308524       0.6910629134
 0.83566E+00       0.7633735492       0.7114986063
 0.87546E+00       0.7775362272       0.7302149817
 0.91525E+00       0.7903826742       0.7473667315
 0.95504E+00       0.8020550076       0.7630973523
 0.99484E+00       0.8126825994       0.7775387090
 0.10346E+01       0.8223770745       0.7908111474
 0.10744E+01       0.8312395032       0.8030239511
 0.11142E+01       0.8393569383       0.8142760019
 0.11540E+01       0.8468080974       0.8246565430
 0.11586E+01       0.8475882423       0.8257946876
 0.11958E+01       0.8539786153       0.8347121630
 0.12745E+01       0.8659552686       0.8515505844
 0.14038E+01       0.8820418351       0.8743609218
 0.16001E+01       0.9004167625       0.9004167625
 0.18910E+01       0.9190421797       0.9266202413
 0.23226E+01       0.9363475259       0.9501267965
 0.29744E+01       0.9514830297       0.9689865818
 0.39872E+01       0.9644104759       0.9825004560
 0.56214E+01       0.9755185180       0.9911187216
 0.83804E+01       0.9849399360       0.9959843053
 0.13282E+02       0.9921725666       0.9983974285
 0.22450E+02       0.9966816025       0.9994384650
 0.40268E+02       0.9988077240       0.9998254024
 0.74566E+02       0.9995679471       0.9999490745
 0.13171E+03       0.9997891823       0.9999836766
 0.18998E+03       0.9998440460       0.9999921543
 0.19996E+03       0.9998490044       0.9999929183
