 0.00E+00  0.00000  0.08021  0.26774  0.48873
 0.40E-01  0.00000  0.13315  0.37456  0.62327
 0.80E-01  0.00000  0.16352  0.39950  0.63530
 0.12E+00  0.00000  0.20085  0.43051  0.65181
 0.16E+00  0.00000  0.24266  0.46278  0.66995
 0.20E+00  0.00000  0.28727  0.49446  0.68799
 0.24E+00  0.00000  0.33313  0.52491  0.70513
 0.28E+00  0.00000  0.37887  0.55388  0.72109
 0.32E+00  0.00000  0.42335  0.58125  0.73586
 0.36E+00  0.00000  0.46580  0.60696  0.74951
 0.40E+00  0.00000  0.50569  0.63101  0.76214
 0.44E+00  0.00000  0.54275  0.65342  0.77383
 0.48E+00  0.00000  0.57686  0.67427  0.78468
 0.52E+00  0.00000  0.60807  0.69360  0.79477
 0.56E+00  0.00000  0.63650  0.71151  0.80417
 0.60E+00  0.00000  0.66231  0.72807  0.81292
 0.64E+00  0.00000  0.68571  0.74338  0.82110
 0.68E+00  0.00000  0.70691  0.75753  0.82874
 0.72E+00  0.00000  0.72610  0.77059  0.83589
 0.76E+00  0.00000  0.74349  0.78266  0.84259
 0.80E+00  0.00000  0.75925  0.79381  0.84887
 0.84E+00  0.00000  0.77356  0.80413  0.85477
 0.88E+00  0.00000  0.78657  0.81367  0.86031
 0.92E+00  0.00000  0.79841  0.82250  0.86552
 0.96E+00  0.00000  0.80921  0.83069  0.87042
 0.99E+00  0.00000  0.81908  0.83828  0.87503
 0.10E+01  0.00000  0.82812  0.84534  0.87939
 0.11E+01  0.00000  0.83640  0.85189  0.88349
 0.11E+01  0.00000  0.84402  0.85799  0.88737
 0.12E+01  0.00000  0.85102  0.86368  0.89103
 0.12E+01  0.00000  0.85176  0.86428  0.89143
 0.12E+01  0.00000  0.85779  0.86923  0.89466
 0.13E+01  0.00000  0.86914  0.87867  0.90096
 0.14E+01  0.00000  0.88447  0.89175  0.90996
 0.16E+01  0.00000  0.90213  0.90726  0.92111
 0.19E+01  0.00000  0.92019  0.92364  0.93355
 0.23E+01  0.00000  0.93713  0.93949  0.94628
 0.30E+01  0.00000  0.95205  0.95376  0.95839
 0.40E+01  0.00000  0.96484  0.96612  0.96927
 0.56E+01  0.00000  0.97582  0.97674  0.97880
 0.84E+01  0.00000  0.98513  0.98569  0.98688
 0.13E+02  0.00000  0.99227  0.99255  0.99309
 0.22E+02  0.00000  0.99672  0.99684  0.99699
 0.40E+02  0.00000  0.99882  0.99887  0.99885
 0.75E+02  0.00000  0.99957  0.99959  0.99951
 0.13E+03  0.00000  0.99979  0.99980  0.99971
 0.19E+03  0.00000  0.99985  0.99986  0.99976
 0.20E+03  0.00000  0.99985  0.99986  0.99976
