   number of symmetry operations=  48
    symmetry operation   1
    (  1.0000000000,  0.0000000000,  0.0000000000)    (  0.0000000000)
    (  0.0000000000,  1.0000000000,  0.0000000000)    (  0.0000000000)
    (  0.0000000000,  0.0000000000,  1.0000000000)    (  0.0000000000)
    symmetry operation   2
    ( -1.0000000000,  0.0000000000,  0.0000000000)    (  0.0000000000)
    (  0.0000000000, -1.0000000000,  0.0000000000)    (  0.0000000000)
    (  0.0000000000,  0.0000000000, -1.0000000000)    (  0.0000000000)
    symmetry operation   3
    (  0.0000000000,  1.0000000000,  0.0000000000)    (  0.0000000000)
    (  0.0000000000,  1.0000000000, -1.0000000000)    (  0.0000000000)
    ( -1.0000000000,  1.0000000000,  0.0000000000)    (  0.0000000000)
    symmetry operation   4
    (  0.0000000000, -1.0000000000,  0.0000000000)    (  0.0000000000)
    (  0.0000000000, -1.0000000000,  1.0000000000)    (  0.0000000000)
    (  1.0000000000, -1.0000000000,  0.0000000000)    (  0.0000000000)
    symmetry operation   5
    (  0.0000000000,  1.0000000000, -1.0000000000)    (  0.0000000000)
    (  1.0000000000,  0.0000000000, -1.0000000000)    (  0.0000000000)
    (  0.0000000000,  0.0000000000, -1.0000000000)    (  0.0000000000)
    symmetry operation   6
    (  0.0000000000, -1.0000000000,  1.0000000000)    (  0.0000000000)
    ( -1.0000000000,  0.0000000000,  1.0000000000)    (  0.0000000000)
    (  0.0000000000,  0.0000000000,  1.0000000000)    (  0.0000000000)
    symmetry operation   7
    (  1.0000000000,  0.0000000000, -1.0000000000)    (  0.0000000000)
    (  1.0000000000,  0.0000000000,  0.0000000000)    (  0.0000000000)
    (  1.0000000000, -1.0000000000,  0.0000000000)    (  0.0000000000)
    symmetry operation   8
    ( -1.0000000000,  0.0000000000,  1.0000000000)    (  0.0000000000)
    ( -1.0000000000,  0.0000000000,  0.0000000000)    (  0.0000000000)
    ( -1.0000000000,  1.0000000000,  0.0000000000)    (  0.0000000000)
    symmetry operation   9
    ( -1.0000000000,  0.0000000000,  0.0000000000)    (  0.0000000000)
    ( -1.0000000000,  0.0000000000,  1.0000000000)    (  0.0000000000)
    ( -1.0000000000,  1.0000000000,  0.0000000000)    (  0.0000000000)
    symmetry operation  10
    (  1.0000000000,  0.0000000000,  0.0000000000)    (  0.0000000000)
    (  1.0000000000,  0.0000000000, -1.0000000000)    (  0.0000000000)
    (  1.0000000000, -1.0000000000,  0.0000000000)    (  0.0000000000)
    symmetry operation  11
    (  0.0000000000, -1.0000000000,  0.0000000000)    (  0.0000000000)
    ( -1.0000000000,  0.0000000000,  0.0000000000)    (  0.0000000000)
    (  0.0000000000,  0.0000000000, -1.0000000000)    (  0.0000000000)
    symmetry operation  12
    (  0.0000000000,  1.0000000000,  0.0000000000)    (  0.0000000000)
    (  1.0000000000,  0.0000000000,  0.0000000000)    (  0.0000000000)
    (  0.0000000000,  0.0000000000,  1.0000000000)    (  0.0000000000)
    symmetry operation  13
    (  0.0000000000, -1.0000000000,  1.0000000000)    (  0.0000000000)
    (  0.0000000000, -1.0000000000,  0.0000000000)    (  0.0000000000)
    (  1.0000000000, -1.0000000000,  0.0000000000)    (  0.0000000000)
    symmetry operation  14
    (  0.0000000000,  1.0000000000, -1.0000000000)    (  0.0000000000)
    (  0.0000000000,  1.0000000000,  0.0000000000)    (  0.0000000000)
    ( -1.0000000000,  1.0000000000,  0.0000000000)    (  0.0000000000)
    symmetry operation  15
    ( -1.0000000000,  0.0000000000,  1.0000000000)    (  0.0000000000)
    (  0.0000000000, -1.0000000000,  1.0000000000)    (  0.0000000000)
    (  0.0000000000,  0.0000000000,  1.0000000000)    (  0.0000000000)
    symmetry operation  16
    (  1.0000000000,  0.0000000000, -1.0000000000)    (  0.0000000000)
    (  0.0000000000,  1.0000000000, -1.0000000000)    (  0.0000000000)
    (  0.0000000000,  0.0000000000, -1.0000000000)    (  0.0000000000)
    symmetry operation  17
    (  0.0000000000,  0.0000000000,  1.0000000000)    (  0.0000000000)
    (  1.0000000000,  0.0000000000,  0.0000000000)    (  0.0000000000)
    (  0.0000000000,  1.0000000000,  0.0000000000)    (  0.0000000000)
    symmetry operation  18
    (  0.0000000000,  0.0000000000, -1.0000000000)    (  0.0000000000)
    ( -1.0000000000,  0.0000000000,  0.0000000000)    (  0.0000000000)
    (  0.0000000000, -1.0000000000,  0.0000000000)    (  0.0000000000)
    symmetry operation  19
    ( -1.0000000000,  1.0000000000,  0.0000000000)    (  0.0000000000)
    (  0.0000000000,  1.0000000000,  0.0000000000)    (  0.0000000000)
    (  0.0000000000,  1.0000000000, -1.0000000000)    (  0.0000000000)
    symmetry operation  20
    (  1.0000000000, -1.0000000000,  0.0000000000)    (  0.0000000000)
    (  0.0000000000, -1.0000000000,  0.0000000000)    (  0.0000000000)
    (  0.0000000000, -1.0000000000,  1.0000000000)    (  0.0000000000)
    symmetry operation  21
    (  0.0000000000,  0.0000000000, -1.0000000000)    (  0.0000000000)
    (  0.0000000000,  1.0000000000, -1.0000000000)    (  0.0000000000)
    (  1.0000000000,  0.0000000000, -1.0000000000)    (  0.0000000000)
    symmetry operation  22
    (  0.0000000000,  0.0000000000,  1.0000000000)    (  0.0000000000)
    (  0.0000000000, -1.0000000000,  1.0000000000)    (  0.0000000000)
    ( -1.0000000000,  0.0000000000,  1.0000000000)    (  0.0000000000)
    symmetry operation  23
    (  1.0000000000, -1.0000000000,  0.0000000000)    (  0.0000000000)
    (  1.0000000000,  0.0000000000, -1.0000000000)    (  0.0000000000)
    (  1.0000000000,  0.0000000000,  0.0000000000)    (  0.0000000000)
    symmetry operation  24
    ( -1.0000000000,  1.0000000000,  0.0000000000)    (  0.0000000000)
    ( -1.0000000000,  0.0000000000,  1.0000000000)    (  0.0000000000)
    ( -1.0000000000,  0.0000000000,  0.0000000000)    (  0.0000000000)
    symmetry operation  25
    ( -1.0000000000,  1.0000000000,  0.0000000000)    (  0.0000000000)
    ( -1.0000000000,  0.0000000000,  0.0000000000)    (  0.0000000000)
    ( -1.0000000000,  0.0000000000,  1.0000000000)    (  0.0000000000)
    symmetry operation  26
    (  1.0000000000, -1.0000000000,  0.0000000000)    (  0.0000000000)
    (  1.0000000000,  0.0000000000,  0.0000000000)    (  0.0000000000)
    (  1.0000000000,  0.0000000000, -1.0000000000)    (  0.0000000000)
    symmetry operation  27
    (  0.0000000000,  0.0000000000, -1.0000000000)    (  0.0000000000)
    (  0.0000000000, -1.0000000000,  0.0000000000)    (  0.0000000000)
    ( -1.0000000000,  0.0000000000,  0.0000000000)    (  0.0000000000)
    symmetry operation  28
    (  0.0000000000,  0.0000000000,  1.0000000000)    (  0.0000000000)
    (  0.0000000000,  1.0000000000,  0.0000000000)    (  0.0000000000)
    (  1.0000000000,  0.0000000000,  0.0000000000)    (  0.0000000000)
    symmetry operation  29
    (  1.0000000000, -1.0000000000,  0.0000000000)    (  0.0000000000)
    (  0.0000000000, -1.0000000000,  1.0000000000)    (  0.0000000000)
    (  0.0000000000, -1.0000000000,  0.0000000000)    (  0.0000000000)
    symmetry operation  30
    ( -1.0000000000,  1.0000000000,  0.0000000000)    (  0.0000000000)
    (  0.0000000000,  1.0000000000, -1.0000000000)    (  0.0000000000)
    (  0.0000000000,  1.0000000000,  0.0000000000)    (  0.0000000000)
    symmetry operation  31
    (  0.0000000000,  0.0000000000,  1.0000000000)    (  0.0000000000)
    ( -1.0000000000,  0.0000000000,  1.0000000000)    (  0.0000000000)
    (  0.0000000000, -1.0000000000,  1.0000000000)    (  0.0000000000)
    symmetry operation  32
    (  0.0000000000,  0.0000000000, -1.0000000000)    (  0.0000000000)
    (  1.0000000000,  0.0000000000, -1.0000000000)    (  0.0000000000)
    (  0.0000000000,  1.0000000000, -1.0000000000)    (  0.0000000000)
    symmetry operation  33
    (  0.0000000000,  1.0000000000,  0.0000000000)    (  0.0000000000)
    (  0.0000000000,  0.0000000000,  1.0000000000)    (  0.0000000000)
    (  1.0000000000,  0.0000000000,  0.0000000000)    (  0.0000000000)
    symmetry operation  34
    (  0.0000000000, -1.0000000000,  0.0000000000)    (  0.0000000000)
    (  0.0000000000,  0.0000000000, -1.0000000000)    (  0.0000000000)
    ( -1.0000000000,  0.0000000000,  0.0000000000)    (  0.0000000000)
    symmetry operation  35
    (  0.0000000000,  1.0000000000, -1.0000000000)    (  0.0000000000)
    ( -1.0000000000,  1.0000000000,  0.0000000000)    (  0.0000000000)
    (  0.0000000000,  1.0000000000,  0.0000000000)    (  0.0000000000)
    symmetry operation  36
    (  0.0000000000, -1.0000000000,  1.0000000000)    (  0.0000000000)
    (  1.0000000000, -1.0000000000,  0.0000000000)    (  0.0000000000)
    (  0.0000000000, -1.0000000000,  0.0000000000)    (  0.0000000000)
    symmetry operation  37
    (  1.0000000000,  0.0000000000, -1.0000000000)    (  0.0000000000)
    (  0.0000000000,  0.0000000000, -1.0000000000)    (  0.0000000000)
    (  0.0000000000,  1.0000000000, -1.0000000000)    (  0.0000000000)
    symmetry operation  38
    ( -1.0000000000,  0.0000000000,  1.0000000000)    (  0.0000000000)
    (  0.0000000000,  0.0000000000,  1.0000000000)    (  0.0000000000)
    (  0.0000000000, -1.0000000000,  1.0000000000)    (  0.0000000000)
    symmetry operation  39
    (  1.0000000000,  0.0000000000,  0.0000000000)    (  0.0000000000)
    (  1.0000000000, -1.0000000000,  0.0000000000)    (  0.0000000000)
    (  1.0000000000,  0.0000000000, -1.0000000000)    (  0.0000000000)
    symmetry operation  40
    ( -1.0000000000,  0.0000000000,  0.0000000000)    (  0.0000000000)
    ( -1.0000000000,  1.0000000000,  0.0000000000)    (  0.0000000000)
    ( -1.0000000000,  0.0000000000,  1.0000000000)    (  0.0000000000)
    symmetry operation  41
    ( -1.0000000000,  0.0000000000,  1.0000000000)    (  0.0000000000)
    ( -1.0000000000,  1.0000000000,  0.0000000000)    (  0.0000000000)
    ( -1.0000000000,  0.0000000000,  0.0000000000)    (  0.0000000000)
    symmetry operation  42
    (  1.0000000000,  0.0000000000, -1.0000000000)    (  0.0000000000)
    (  1.0000000000, -1.0000000000,  0.0000000000)    (  0.0000000000)
    (  1.0000000000,  0.0000000000,  0.0000000000)    (  0.0000000000)
    symmetry operation  43
    ( -1.0000000000,  0.0000000000,  0.0000000000)    (  0.0000000000)
    (  0.0000000000,  0.0000000000, -1.0000000000)    (  0.0000000000)
    (  0.0000000000, -1.0000000000,  0.0000000000)    (  0.0000000000)
    symmetry operation  44
    (  1.0000000000,  0.0000000000,  0.0000000000)    (  0.0000000000)
    (  0.0000000000,  0.0000000000,  1.0000000000)    (  0.0000000000)
    (  0.0000000000,  1.0000000000,  0.0000000000)    (  0.0000000000)
    symmetry operation  45
    (  0.0000000000, -1.0000000000,  0.0000000000)    (  0.0000000000)
    (  1.0000000000, -1.0000000000,  0.0000000000)    (  0.0000000000)
    (  0.0000000000, -1.0000000000,  1.0000000000)    (  0.0000000000)
    symmetry operation  46
    (  0.0000000000,  1.0000000000,  0.0000000000)    (  0.0000000000)
    ( -1.0000000000,  1.0000000000,  0.0000000000)    (  0.0000000000)
    (  0.0000000000,  1.0000000000, -1.0000000000)    (  0.0000000000)
    symmetry operation  47
    (  0.0000000000, -1.0000000000,  1.0000000000)    (  0.0000000000)
    (  0.0000000000,  0.0000000000,  1.0000000000)    (  0.0000000000)
    ( -1.0000000000,  0.0000000000,  1.0000000000)    (  0.0000000000)
    symmetry operation  48
    (  0.0000000000,  1.0000000000, -1.0000000000)    (  0.0000000000)
    (  0.0000000000,  0.0000000000, -1.0000000000)    (  0.0000000000)
    (  1.0000000000,  0.0000000000, -1.0000000000)    (  0.0000000000)
