 Reciprocal space translations (in 2pi/A):
 Q_A  -0.17300605E-16  0.12524904E+00  0.12524904E+00
 Q_B   0.12524904E+00 -0.45194649E-16  0.12524904E+00
 Q_C   0.12524904E+00  0.12524904E+00 -0.33397039E-17
 K-points:
   1  0.00000000E+00  0.00000000E+00  0.00000000E+00   0   0   0
   2 -0.28834342E-17  0.20874841E-01  0.20874841E-01   1   0   0
   3 -0.57668684E-17  0.41749681E-01  0.41749681E-01   2   0   0
   4 -0.86503027E-17  0.62624522E-01  0.62624522E-01   3   0   0
   5  0.41749681E-01  0.20874841E-01  0.20874841E-01   0   1   1
   6  0.20874841E-01  0.41749681E-01  0.62624522E-01   2   1   0
   7 -0.41749681E-01 -0.83499363E-01 -0.41749681E-01   4   0   4
   8  0.41749681E-01  0.41749681E-01  0.41749681E-01   1   1   1
   9  0.41749681E-01  0.62624522E-01  0.62624522E-01   2   1   1
  10  0.41749681E-01 -0.69388939E-17 -0.55661731E-18   5   1   1
  11  0.20874841E-01  0.62624522E-01 -0.11132346E-17   1   5   2
  12  0.00000000E+00 -0.83499363E-01 -0.41749681E-01   3   1   5
  13 -0.83499363E-01 -0.20874841E-01 -0.20874841E-01   1   4   4
  14  0.83499363E-01 -0.13877788E-16 -0.11132346E-17   4   2   2
  15 -0.20874841E-01  0.10437420E+00  0.23562123E-17   3   3   2
  16  0.34694470E-17  0.12524904E+00  0.17995950E-17   3   3   3
  17  0.20616383E-17 -0.20874841E-01 -0.20874841E-01   5   0   0
  18 -0.20874841E-01 -0.10875510E-16  0.20874841E-01   1   0   5
  19  0.20874841E-01  0.10875510E-16 -0.20874841E-01   5   0   1
  20  0.32700354E-18 -0.20874841E-01  0.20874841E-01   0   1   5
  21 -0.32700354E-18  0.20874841E-01 -0.20874841E-01   0   5   1
  22  0.20874841E-01 -0.95121180E-18  0.20874841E-01   0   1   0
  23 -0.20874841E-01  0.95121180E-18 -0.20874841E-01   0   5   0
  24  0.20874841E-01 -0.20874841E-01 -0.51475551E-17   5   1   0
  25 -0.20874841E-01  0.20874841E-01  0.51475551E-17   1   5   0
  26  0.20874841E-01  0.20874841E-01  0.19752060E-16   0   0   1
  27 -0.20874841E-01 -0.20874841E-01 -0.19752060E-16   0   0   5
  28  0.41232766E-17 -0.41749681E-01 -0.41749681E-01   4   0   0
  29 -0.41749681E-01 -0.21751021E-16  0.41749681E-01   2   0   4
  30  0.41749681E-01  0.21751021E-16 -0.41749681E-01   4   0   2
  31  0.65400709E-18 -0.41749681E-01  0.41749681E-01   0   2   4
  32 -0.65400709E-18  0.41749681E-01 -0.41749681E-01   0   4   2
  33  0.41749681E-01 -0.19024236E-17  0.41749681E-01   0   2   0
  34 -0.41749681E-01  0.19024236E-17 -0.41749681E-01   0   4   0
  35  0.41749681E-01 -0.41749681E-01 -0.10295110E-16   4   2   0
  36 -0.41749681E-01  0.41749681E-01  0.10295110E-16   2   4   0
  37  0.41749681E-01  0.41749681E-01  0.39504120E-16   0   0   2
  38 -0.41749681E-01 -0.41749681E-01 -0.39504120E-16   0   0   4
  39 -0.62624522E-01 -0.32626531E-16  0.62624522E-01   3   0   3
  40  0.98101063E-18 -0.62624522E-01  0.62624522E-01   0   3   3
  41  0.62624522E-01 -0.28536354E-17  0.62624522E-01   0   3   0
  42  0.62624522E-01 -0.62624522E-01 -0.15442665E-16   3   3   0
  43  0.62624522E-01  0.62624522E-01  0.59256180E-16   0   0   3
  44 -0.41749681E-01 -0.20874841E-01 -0.20874841E-01   0   5   5
  45 -0.20874841E-01  0.41749681E-01  0.20874841E-01   2   5   0
  46  0.20874841E-01 -0.41749681E-01 -0.20874841E-01   4   1   0
  47 -0.41749681E-01 -0.20874841E-01  0.20874841E-01   1   0   4
  48  0.41749681E-01  0.20874841E-01 -0.20874841E-01   5   0   2
  49  0.20874841E-01 -0.41749681E-01  0.20874841E-01   5   2   5
  50 -0.20874841E-01  0.41749681E-01 -0.20874841E-01   1   4   1
  51  0.41749681E-01 -0.20874841E-01 -0.20874841E-01   4   1   1
  52 -0.41749681E-01  0.20874841E-01  0.20874841E-01   2   5   5
  53 -0.20874841E-01 -0.41749681E-01 -0.20874841E-01   5   0   5
  54  0.20874841E-01  0.41749681E-01  0.20874841E-01   1   0   1
  55 -0.41749681E-01  0.20874841E-01 -0.20874841E-01   1   4   0
  56  0.41749681E-01 -0.20874841E-01  0.20874841E-01   5   2   0
  57  0.20874841E-01  0.41749681E-01 -0.20874841E-01   0   5   2
  58 -0.20874841E-01 -0.41749681E-01  0.20874841E-01   0   1   4
  59  0.20874841E-01 -0.20874841E-01  0.41749681E-01   0   2   5
  60 -0.20874841E-01  0.20874841E-01 -0.41749681E-01   0   4   1
  61  0.20874841E-01  0.20874841E-01 -0.41749681E-01   5   5   2
  62 -0.20874841E-01 -0.20874841E-01  0.41749681E-01   1   1   4
  63 -0.20874841E-01 -0.20874841E-01 -0.41749681E-01   5   5   0
  64  0.20874841E-01  0.20874841E-01  0.41749681E-01   1   1   0
  65 -0.20874841E-01  0.20874841E-01  0.41749681E-01   2   0   5
  66  0.20874841E-01 -0.20874841E-01 -0.41749681E-01   4   0   1
  67 -0.20874841E-01 -0.41749681E-01 -0.62624522E-01   4   5   0
  68 -0.41749681E-01  0.20874841E-01  0.62624522E-01   3   0   4
  69  0.41749681E-01 -0.20874841E-01 -0.62624522E-01   3   0   2
  70 -0.20874841E-01 -0.41749681E-01  0.62624522E-01   1   2   3
  71  0.20874841E-01  0.41749681E-01 -0.62624522E-01   5   4   3
  72  0.41749681E-01 -0.20874841E-01  0.62624522E-01   0   3   5
  73 -0.41749681E-01  0.20874841E-01 -0.62624522E-01   0   3   1
  74  0.20874841E-01 -0.41749681E-01 -0.62624522E-01   3   0   1
  75 -0.20874841E-01  0.41749681E-01  0.62624522E-01   3   0   5
  76 -0.41749681E-01 -0.20874841E-01 -0.62624522E-01   5   4   0
  77  0.41749681E-01  0.20874841E-01  0.62624522E-01   1   2   0
  78 -0.20874841E-01  0.41749681E-01 -0.62624522E-01   0   3   2
  79  0.20874841E-01 -0.41749681E-01  0.62624522E-01   0   3   4
  80  0.41749681E-01  0.20874841E-01 -0.62624522E-01   4   5   3
  81 -0.41749681E-01 -0.20874841E-01  0.62624522E-01   2   1   3
  82  0.62624522E-01  0.20874841E-01  0.41749681E-01   0   2   1
  83 -0.62624522E-01 -0.20874841E-01 -0.41749681E-01   0   4   5
  84  0.62624522E-01 -0.41749681E-01  0.20874841E-01   4   3   0
  85 -0.62624522E-01  0.41749681E-01 -0.20874841E-01   2   3   0
  86  0.62624522E-01 -0.20874841E-01 -0.41749681E-01   3   1   2
  87 -0.62624522E-01  0.20874841E-01  0.41749681E-01   3   5   4
  88  0.62624522E-01  0.41749681E-01 -0.20874841E-01   5   0   3
  89 -0.62624522E-01 -0.41749681E-01  0.20874841E-01   1   0   3
  90 -0.62624522E-01  0.20874841E-01 -0.41749681E-01   1   3   0
  91  0.62624522E-01 -0.20874841E-01  0.41749681E-01   5   3   0
  92 -0.62624522E-01 -0.41749681E-01 -0.20874841E-01   0   5   4
  93  0.62624522E-01  0.41749681E-01  0.20874841E-01   0   1   2
  94 -0.62624522E-01 -0.20874841E-01  0.41749681E-01   2   0   3
  95  0.62624522E-01  0.20874841E-01 -0.41749681E-01   4   0   3
  96 -0.62624522E-01  0.41749681E-01  0.20874841E-01   3   4   5
  97  0.62624522E-01 -0.41749681E-01 -0.20874841E-01   3   2   1
  98  0.41749681E-01  0.62624522E-01  0.20874841E-01   1   0   2
  99 -0.41749681E-01 -0.62624522E-01 -0.20874841E-01   5   0   4
 100  0.20874841E-01  0.62624522E-01 -0.41749681E-01   0   4   3
 101 -0.20874841E-01 -0.62624522E-01  0.41749681E-01   0   2   3
 102 -0.41749681E-01  0.62624522E-01 -0.20874841E-01   2   3   1
 103  0.41749681E-01 -0.62624522E-01  0.20874841E-01   4   3   5
 104 -0.20874841E-01  0.62624522E-01  0.41749681E-01   3   5   0
 105  0.20874841E-01 -0.62624522E-01 -0.41749681E-01   3   1   0
 106 -0.41749681E-01 -0.62624522E-01  0.20874841E-01   0   1   3
 107  0.41749681E-01  0.62624522E-01 -0.20874841E-01   0   5   3
 108 -0.20874841E-01 -0.62624522E-01 -0.41749681E-01   4   0   5
 109  0.20874841E-01  0.62624522E-01  0.41749681E-01   2   0   1
 110  0.41749681E-01 -0.62624522E-01 -0.20874841E-01   3   2   0
 111 -0.41749681E-01  0.62624522E-01  0.20874841E-01   3   4   0
 112  0.20874841E-01 -0.62624522E-01  0.41749681E-01   5   3   4
 113 -0.20874841E-01  0.62624522E-01 -0.41749681E-01   1   3   2
 114  0.41749681E-01  0.83499363E-01  0.41749681E-01   2   0   2
 115  0.83499363E-01 -0.41749681E-01 -0.41749681E-01   2   2   2
 116 -0.83499363E-01  0.41749681E-01  0.41749681E-01   4   4   4
 117  0.41749681E-01  0.83499363E-01 -0.41749681E-01   0   4   4
 118 -0.41749681E-01 -0.83499363E-01  0.41749681E-01   0   2   2
 119 -0.83499363E-01  0.41749681E-01 -0.41749681E-01   2   2   0
 120  0.83499363E-01 -0.41749681E-01  0.41749681E-01   4   4   0
 121 -0.41749681E-01 -0.41749681E-01 -0.41749681E-01   5   5   5
 122 -0.41749681E-01  0.41749681E-01  0.41749681E-01   3   5   5
 123  0.41749681E-01 -0.41749681E-01 -0.41749681E-01   3   1   1
 124 -0.41749681E-01 -0.41749681E-01  0.41749681E-01   1   1   3
 125  0.41749681E-01  0.41749681E-01 -0.41749681E-01   5   5   3
 126  0.41749681E-01 -0.41749681E-01  0.41749681E-01   5   3   5
 127 -0.41749681E-01  0.41749681E-01 -0.41749681E-01   1   3   1
 128 -0.41749681E-01 -0.62624522E-01 -0.62624522E-01   4   5   5
 129 -0.62624522E-01  0.41749681E-01  0.62624522E-01   4   5   4
 130  0.62624522E-01 -0.41749681E-01 -0.62624522E-01   2   1   2
 131 -0.41749681E-01 -0.62624522E-01  0.62624522E-01   1   2   2
 132  0.41749681E-01  0.62624522E-01 -0.62624522E-01   5   4   4
 133  0.62624522E-01 -0.41749681E-01  0.62624522E-01   5   4   5
 134 -0.62624522E-01  0.41749681E-01 -0.62624522E-01   1   2   1
 135  0.62624522E-01 -0.62624522E-01  0.41749681E-01   4   4   5
 136 -0.62624522E-01  0.62624522E-01 -0.41749681E-01   2   2   1
 137  0.62624522E-01  0.62624522E-01 -0.41749681E-01   5   5   4
 138 -0.62624522E-01 -0.62624522E-01  0.41749681E-01   1   1   2
 139 -0.41749681E-01  0.85824857E-17  0.55661731E-18   1   5   5
 140 -0.90452584E-17  0.41749681E-01 -0.55661731E-18   1   5   1
 141  0.90452584E-17 -0.41749681E-01  0.55661731E-18   5   1   5
 142 -0.71117033E-17 -0.64888277E-17  0.41749681E-01   1   1   5
 143  0.71117033E-17  0.64888277E-17 -0.41749681E-01   5   5   1
 144 -0.20874841E-01 -0.62624522E-01  0.11132346E-17   5   1   4
 145 -0.62624522E-01  0.20874841E-01 -0.11132346E-17   2   4   5
 146  0.62624522E-01 -0.20874841E-01  0.11132346E-17   4   2   1
 147  0.20874841E-01 -0.62624522E-01  0.36696653E-17   4   2   5
 148 -0.20874841E-01  0.62624522E-01 -0.36696653E-17   2   4   1
 149 -0.62624522E-01 -0.20874841E-01 -0.65560574E-17   1   5   4
 150  0.62624522E-01  0.20874841E-01  0.65560574E-17   5   1   2
 151 -0.13600427E-16  0.20874841E-01  0.62624522E-01   2   1   5
 152  0.13600427E-16 -0.20874841E-01 -0.62624522E-01   4   5   1
 153  0.35729126E-17 -0.62624522E-01  0.20874841E-01   5   2   4
 154 -0.35729126E-17  0.62624522E-01 -0.20874841E-01   1   4   2
 155 -0.61629637E-17  0.20874841E-01 -0.62624522E-01   5   4   2
 156  0.61629637E-17 -0.20874841E-01  0.62624522E-01   1   2   4
 157 -0.32785144E-17 -0.62624522E-01 -0.20874841E-01   4   1   5
 158  0.32785144E-17  0.62624522E-01  0.20874841E-01   2   5   1
 159  0.62624522E-01 -0.82254236E-17  0.20874841E-01   5   2   1
 160 -0.62624522E-01  0.82254236E-17 -0.20874841E-01   1   4   5
 161  0.20874841E-01  0.28060333E-17 -0.62624522E-01   4   5   2
 162 -0.20874841E-01 -0.28060333E-17  0.62624522E-01   2   1   4
 163 -0.62624522E-01  0.15894716E-16  0.20874841E-01   2   5   4
 164  0.62624522E-01 -0.15894716E-16 -0.20874841E-01   4   1   2
 165 -0.20874841E-01 -0.48847483E-17 -0.62624522E-01   5   4   1
 166  0.20874841E-01  0.48847483E-17  0.62624522E-01   1   2   5
 167  0.32871836E-17  0.83499363E-01  0.41749681E-01   3   5   1
 168  0.83499363E-01  0.31968305E-16 -0.41749681E-01   3   1   3
 169 -0.83499363E-01 -0.31968305E-16  0.41749681E-01   3   5   3
 170  0.10225723E-16  0.83499363E-01 -0.41749681E-01   1   3   3
 171 -0.10225723E-16 -0.83499363E-01  0.41749681E-01   5   3   3
 172 -0.83499363E-01  0.15338584E-16 -0.41749681E-01   1   3   5
 173  0.83499363E-01 -0.15338584E-16  0.41749681E-01   5   3   1
 174 -0.41749681E-01  0.83499363E-01  0.17955963E-16   3   3   1
 175  0.41749681E-01 -0.83499363E-01 -0.17955963E-16   3   3   5
 176 -0.41749681E-01 -0.83499363E-01 -0.58575024E-16   5   1   3
 177  0.41749681E-01  0.83499363E-01  0.58575024E-16   1   5   3
 178  0.83499363E-01  0.20874841E-01  0.20874841E-01   5   2   2
 179  0.20874841E-01 -0.83499363E-01 -0.20874841E-01   3   2   5
 180 -0.20874841E-01  0.83499363E-01  0.20874841E-01   3   4   1
 181  0.83499363E-01  0.20874841E-01 -0.20874841E-01   4   1   3
 182 -0.83499363E-01 -0.20874841E-01  0.20874841E-01   2   5   3
 183 -0.20874841E-01  0.83499363E-01 -0.20874841E-01   2   3   2
 184  0.20874841E-01 -0.83499363E-01  0.20874841E-01   4   3   4
 185 -0.83499363E-01  0.20874841E-01  0.20874841E-01   3   4   4
 186  0.83499363E-01 -0.20874841E-01 -0.20874841E-01   3   2   2
 187  0.20874841E-01  0.83499363E-01  0.20874841E-01   2   5   2
 188 -0.20874841E-01 -0.83499363E-01 -0.20874841E-01   4   1   4
 189  0.83499363E-01 -0.20874841E-01  0.20874841E-01   4   3   1
 190 -0.83499363E-01  0.20874841E-01 -0.20874841E-01   2   3   5
 191 -0.20874841E-01 -0.83499363E-01  0.20874841E-01   5   2   3
 192  0.20874841E-01  0.83499363E-01 -0.20874841E-01   1   4   3
 193 -0.20874841E-01  0.20874841E-01 -0.83499363E-01   5   3   2
 194  0.20874841E-01 -0.20874841E-01  0.83499363E-01   1   3   4
 195 -0.20874841E-01 -0.20874841E-01  0.83499363E-01   2   2   3
 196  0.20874841E-01  0.20874841E-01 -0.83499363E-01   4   4   3
 197  0.20874841E-01  0.20874841E-01  0.83499363E-01   2   2   5
 198 -0.20874841E-01 -0.20874841E-01 -0.83499363E-01   4   4   1
 199  0.20874841E-01 -0.20874841E-01 -0.83499363E-01   3   5   2
 200 -0.20874841E-01  0.20874841E-01  0.83499363E-01   3   1   4
 201 -0.83499363E-01  0.17164971E-16  0.11132346E-17   2   4   4
 202 -0.18090517E-16  0.83499363E-01 -0.11132346E-17   2   4   2
 203  0.18090517E-16 -0.83499363E-01  0.11132346E-17   4   2   4
 204 -0.14223407E-16 -0.12977655E-16  0.83499363E-01   2   2   4
 205  0.14223407E-16  0.12977655E-16 -0.83499363E-01   4   4   2
 206  0.20874841E-01 -0.10437420E+00 -0.23562123E-17   3   3   4
 207 -0.10437420E+00 -0.20874841E-01  0.23562123E-17   2   4   3
 208  0.10437420E+00  0.20874841E-01 -0.23562123E-17   4   2   3
 209 -0.11376939E-16 -0.20874841E-01  0.10437420E+00   2   3   3
 210  0.11376939E-16  0.20874841E-01 -0.10437420E+00   4   3   3
 211  0.18906572E-16 -0.10437420E+00 -0.20874841E-01   3   2   4
 212 -0.18906572E-16  0.10437420E+00  0.20874841E-01   3   4   2
 213  0.10437420E+00 -0.75732138E-18 -0.20874841E-01   3   2   3
 214 -0.10437420E+00  0.75732138E-18  0.20874841E-01   3   4   3
 215 -0.20874841E-01  0.24657288E-16 -0.10437420E+00   4   3   2
 216  0.20874841E-01 -0.24657288E-16  0.10437420E+00   2   3   4
