-70.88999999999999  1.9984550975851935e-16  0.0
-36.029999999999994  1.9714338843182934e-16  0.0
-24.409999999999997  1.9425583960405068e-16  0.0
-18.599999999999994  8.097213070630999e-16  0.0
-15.113999999999999  2.7938360327879214e-11  0.0
-12.79  1.026824694541446e-8  0.0
-11.129999999999999  3.798283728209273e-7  0.0
-9.884999999999998  4.079355454516024e-6  0.0
-8.916666666666666  2.1189918452145782e-5  0.0
-8.142  6.980249023152002e-5  0.0
-7.508181818181818  0.00017025827053444736  0.0
-6.9799999999999995  0.00033778680610993317  0.0
-6.533076923076923  0.0005786474808752512  0.0
-6.1499999999999995  0.0008903735298706512  0.0
-5.818  0.001264256164276981  0.0
-5.527499999999999  0.0016882500262336267  0.0
-5.271176470588235  0.0021493403038372323  0.0
-5.043333333333333  0.0026351103702720335  0.0
-4.839473684210526  0.0031346001513894595  0.0
-4.656  0.00363865412789183  0.0
-4.49  0.0041399499144929115  0.0
-4.339090909090909  0.0046328520450361135  0.0
-4.2013043478260865  0.005113187185214272  0.0
-4.074999999999999  0.005577998819887771  0.0
-3.9587999999999997  0.006025313101101967  0.0
-3.8515384615384614  0.0064539308448220015  0.0
-3.7522222222222217  0.00686325082135518  0.0
-3.6599999999999997  0.007253124115263026  0.0
-3.5741379310344823  0.0076237367089866765  0.0
-3.4939999999999998  0.007975516419344016  0.0
-3.4190322580645156  0.008309060162966276  0.0
-3.3487499999999994  0.008625077809226219  0.0
-3.2827272727272723  0.008924349345807688  0.0
-3.2205882352941173  0.009207692595098328  0.0
-3.162  0.009475939209206759  0.0
-3.1066666666666665  0.009729917106198341  0.0
-3.054324324324324  0.0099704378803226  0.0
-3.004736842105263  0.01019828802568072  0.0
-2.9576923076923074  0.01041422306216628  0.0
-2.913  0.01061896385246523  0.0
-2.8704878048780484  0.010813194558033697  0.0
-2.83  0.010997561807267329  0.0
-2.7913953488372094  0.01117267474758614  0.0
-2.7545454545454544  0.011339105729924779  0.0
-2.719333333333333  0.011497391434049634  0.0
-2.6856521739130432  0.011648034289425747  0.0
-2.653404255319149  0.01179150408237405  0.0
-2.6224999999999996  0.011928239667899378  0.0
-2.5928571428571425  0.01205865072590404  0.0
-2.5644  0.012183119517880503  0.0
-2.537058823529412  0.012302002612624744  0.0
-2.5107692307692306  0.012415632559108573  0.0
-2.4854716981132072  0.012524319491708713  0.0
-2.461111111111111  0.012628352658620385  0.0
-2.437636363636363  0.012728001868073968  0.0
-2.415  0.012823518850229637  0.0
-2.393157894736842  0.012915138534576062  0.0
-2.372068965517241  0.013003080244381073  0.0
-2.351694915254237  0.013087548810730737  0.0
-2.332  0.013168735609471937  0.0
-2.312950819672131  0.013246819524847431  0.0
-2.2945161290322575  0.01332196784377673  0.0
-2.2766666666666664  0.013394337085041487  0.0
-2.2593749999999995  0.01346407376738345  0.0
-2.2426153846153847  0.013531315120691565  0.0
-2.226363636363636  0.013596189744138126  0.0
-2.210597014925373  0.013658818215079613  0.0
-2.195294117647059  0.013719313652295383  0.0
-2.180434782608695  0.013777782236972161  0.0
-2.166  0.013834323694542218  0.0
-2.1519718309859153  0.01388903174043794  0.0
-2.138333333333333  0.013941994492473572  0.0
-2.1250684931506845  0.013993294852455334  0.0
-2.112162162162162  0.014043010859363438  0.0
-2.0995999999999997  0.014091216016408798  0.0
-2.0873684210526315  0.014137979593867372  0.0
-2.075454545454545  0.01418336690970558  0.0
-2.0638461538461534  0.014227439589650127  0.0
-2.05253164556962  0.0142702558083574  0.0
-2.0415  0.014311870513079328  0.0
-2.0307407407407405  0.01435233563128839  0.0
-2.020243902439024  0.014391700263377393  0.0
-2.01  0.014430010861727818  0.0
-2.0  0.0144673113970621  0.0
-1.995  0.014485926229514844  0.0
-1.99  0.014504517901247713  0.0
-1.985  0.014523086772398634  0.0
-1.98  0.01454163321376309  0.0
-1.975  0.014560157606957865  0.0
-1.97  0.014578660344594891  0.0
-1.965  0.014597141830483388  0.0
-1.96  0.014615602479788666  0.0
-1.955  0.014634042719224501  0.0
-1.95  0.014652462987247407  0.0
-1.945  0.014670863734263474  0.0
-1.94  0.014689245422778914  0.0
-1.935  0.0147076085276562  0.0
-1.93  0.014725953536287386  0.0
-1.925  0.014744280948792666  0.0
-1.92  0.014762591278256493  0.0
-1.915  0.014780885050944402  0.0
-1.91  0.014799162806476278  0.0
-1.905  0.014817425098118342  0.0
-1.9  0.014835672492959981  0.0
-1.895  0.014853905572174678  0.0
-1.89  0.014872124931241017  0.0
-1.885  0.014890331180178516  0.0
-1.88  0.014908524943823291  0.0
-1.875  0.014926706862036808  0.0
-1.87  0.014944877590008357  0.0
-1.8650000000000002  0.01496303779847897  0.0
-1.8599999999999999  0.014981188174017071  0.0
-1.855  0.014999329419297413  0.0
-1.85  0.015017462253380706  0.0
-1.8450000000000002  0.015035587411963001  0.0
-1.84  0.015053705647715614  0.0
-1.8350000000000002  0.015071817730538603  0.0
-1.83  0.015089924447873784  0.0
-1.8250000000000002  0.015108026604995143  0.0
-1.82  0.01512612502535863  0.0
-1.8150000000000002  0.015144220550873225  0.0
-1.81  0.01516231404225462  0.0
-1.8050000000000002  0.015180406379350172  0.0
-1.8  0.015198498461456812  0.0
-1.7950000000000002  0.015216591207723  0.0
-1.79  0.015234685557421145  0.0
-1.7850000000000001  0.015252782470344523  0.0
-1.78  0.015270882927209316  0.0
-1.7750000000000001  0.015288987929975491  0.0
-1.77  0.015307098502245438  0.0
-1.7650000000000001  0.01532521568965926  0.0
-1.76  0.015343340560298997  0.0
-1.7550000000000001  0.01536147420508571  0.0
-1.75  0.015379617738180182  0.0
-1.745  0.015397772297462097  0.0
-1.74  0.015415939044889207  0.0
-1.735  0.015434119167003173  0.0
-1.73  0.015452313875345172  0.0
-1.725  0.015470524406934546  0.0
-1.72  0.015488752024743205  0.0
-1.715  0.015506998018169238  0.0
-1.71  0.015525263703533168  0.0
-1.705  0.015543550424600698  0.0
-1.7  0.015561859553059594  0.0
-1.695  0.015580192489104167  0.0
-1.69  0.015598550661903054  0.0
-1.685  0.015616935530237642  0.0
-1.68  0.015635348582979863  0.0
-1.675  0.015653791339726338  0.0
-1.67  0.015672265351376436  0.0
-1.665  0.01569077220072468  0.0
-1.66  0.015709313503083893  0.0
-1.655  0.015727890906929963  0.0
-1.65  0.01574650609451881  0.0
-1.645  0.01576516078259164  0.0
-1.6400000000000001  0.01578385672300775  0.0
-1.6350000000000002  0.01580259570346664  0.0
-1.63  0.01582137954821057  0.0
-1.625  0.01584021011874908  0.0
-1.62  0.01585908931459703  0.0
-1.6150000000000002  0.015878019074058825  0.0
-1.6099999999999999  0.01589700137496529  0.0
-1.605  0.015916038235534335  0.0
-1.6  0.015935131715116266  0.0
-1.5950000000000002  0.015954283915102684  0.0
-1.5899999999999999  0.015973496979730415  0.0
-1.585  0.01599277309698758  0.0
-1.58  0.016012114499517605  0.0
-1.5750000000000002  0.016031523465516662  0.0
-1.57  0.016051002319711138  0.0
-1.5650000000000002  0.016070553434311765  0.0
-1.56  0.016090179229997503  0.0
-1.5550000000000002  0.016109882176962523  0.0
-1.55  0.01612966479594176  0.0
-1.5450000000000002  0.016149529659271366  0.0
-1.54  0.01616947939201763  0.0
-1.5350000000000001  0.016189516673084797  0.0
-1.53  0.01620964423635556  0.0
-1.5250000000000001  0.016229864871925376  0.0
-1.52  0.016250181427267064  0.0
-1.5150000000000001  0.016270596808496435  0.0
-1.51  0.016291113981665082  0.0
-1.5050000000000001  0.016311735974047135  0.0
-1.5  0.016332465875538636  0.0
-1.495  0.016353306839977513  0.0
-1.49  0.016374262086599343  0.0
-1.485  0.016395334901503075  0.0
-1.48  0.016416528639141767  0.0
-1.475  0.016437846723837423  0.0
-1.47  0.016459292651400562  0.0
-1.465  0.016480869990733223  0.0
-1.46  0.016502582385491824  0.0
-1.455  0.016524433555806566  0.0
-1.45  0.016546427300023054  0.0
-1.445  0.016568567496583232  0.0
-1.44  0.016590858105771468  0.0
-1.435  0.016613303171721477  0.0
-1.43  0.016635906824338225  0.0
-1.425  0.016658673281311962  0.0
-1.42  0.01668160685023615  0.0
-1.415  0.01670471193068896  0.0
-1.4100000000000001  0.016727993016470613  0.0
-1.4050000000000002  0.016751454697853895  0.0
-1.4  0.016775101663892896  0.0
-1.395  0.016798938704866297  0.0
-1.3900000000000001  0.016822970714654665  0.0
-1.3850000000000002  0.01684720269336042  0.0
-1.38  0.016871639749870836  0.0
-1.375  0.016896287104553574  0.0
-1.37  0.016921150092010846  0.0
-1.3650000000000002  0.01694623416396379  0.0
-1.3599999999999999  0.016971544892134736  0.0
-1.355  0.016997087971304427  0.0
-1.35  0.01702286922242136  0.0
-1.3450000000000002  0.01704889459578066  0.0
-1.3399999999999999  0.017075170174374654  0.0
-1.335  0.01710170217722769  0.0
-1.33  0.01712849696299787  0.0
-1.3250000000000002  0.017155561033522736  0.0
-1.3199999999999998  0.017182901037579724  0.0
-1.315  0.01721052377472363  0.0
-1.31  0.01723843619926884  0.0
-1.3050000000000002  0.017266645424369075  0.0
-1.2999999999999998  0.0172951587262566  0.0
-1.295  0.01732398354856963  0.0
-1.29  0.01735312750687323  0.0
-1.2850000000000001  0.017382598393300745  0.0
-1.28  0.017412404181332487  0.0
-1.2750000000000001  0.017442553030746513  0.0
-1.27  0.017473053292743058  0.0
-1.2650000000000001  0.017503913515169403  0.0
-1.26  0.01753514244803765  0.0
-1.2550000000000001  0.017566749049102773  0.0
-1.25  0.017598742489694723  0.0
-1.245  0.017631132160726416  0.0
-1.24  0.017663927678918535  0.0
-1.235  0.017697138893215003  0.0
-1.23  0.017730775891397703  0.0
-1.225  0.017764849007026132  0.0
-1.22  0.017799368826436433  0.0
-1.215  0.017834346196172513  0.0
-1.21  0.01786979223057096  0.0
-1.205  0.017905718319587687  0.0
-1.2  0.017942136137003965  0.0
-1.195  0.017979057648788595  0.0
-1.19  0.018016495121877505  0.0
-1.185  0.018054461133189426  0.0
-1.18  0.018092968578986818  0.0
-1.175  0.01813203068458181  0.0
-1.17  0.01817166101436487  0.0
-1.165  0.01821187348225531  0.0
-1.1600000000000001  0.01825268236244081  0.0
-1.1550000000000002  0.018294102300618297  0.0
-1.15  0.018336148325577693  0.0
-1.145  0.01837883586121577  0.0
-1.1400000000000001  0.01842218073903897  0.0
-1.1350000000000002  0.018466199211128027  0.0
-1.13  0.018510907963561262  0.0
-1.125  0.018556324130330877  0.0
-1.12  0.018602465307917215  0.0
-1.1150000000000002  0.01864934957020737  0.0
-1.1099999999999999  0.018696995484239778  0.0
-1.105  0.018745422126326322  0.0
-1.1  0.018794649098955056  0.0
-1.0950000000000002  0.018844696548296465  0.0
-1.0899999999999999  0.018895585182450277  0.0
-1.085  0.01894733629031452  0.0
-1.08  0.018999971761349158  0.0
-1.0750000000000002  0.019053514105974938  0.0
-1.0699999999999998  0.0191079864769593  0.0
-1.065  0.01916341269153994  0.0
-1.06  0.019219817254504397  0.0
-1.0550000000000002  0.019277225382254213  0.0
-1.0499999999999998  0.01933566302778769  0.0
-1.045  0.019395156906768168  0.0
-1.04  0.019455734524692934  0.0
-1.0350000000000001  0.01951742420516838  0.0
-1.03  0.019580255119414264  0.0
-1.0250000000000001  0.019644257317008924  0.0
-1.02  0.019709461757929158  0.0
-1.0150000000000001  0.019775900346051895  0.0
-1.01  0.019843605964006614  0.0
-1.0050000000000001  0.01991261250960968  0.0
-1.0  0.019982954933896808  0.0
-0.995  0.020054669280806806  0.0
-0.99  0.02012779272864572  0.0
-0.985  0.020202363633449485  0.0
-0.98  0.020278421574216134  0.0
-0.975  0.020356007400211405  0.0
-0.97  0.02043516328050425  0.0
-0.965  0.020515932755675335  0.0
-0.96  0.020598360791969396  0.0
-0.955  0.02068249383798462  0.0
-0.95  0.020768379883894662  0.0
-0.945  0.020856068523655596  0.0
-0.94  0.020945611020016824  0.0
-0.9349999999999999  0.021037060372508933  0.0
-0.9299999999999999  0.021130471389217458  0.0
-0.9249999999999999  0.02122590076125652  0.0
-0.9199999999999999  0.02132340714156047  0.0
-0.9149999999999999  0.02142305122715072  0.0
-0.9099999999999999  0.021524895845512138  0.0
-0.9049999999999999  0.02162900604537628  0.0
-0.8999999999999999  0.021735449191968497  0.0
-0.8949999999999999  0.02184429506703294  0.0
-0.8899999999999999  0.02195561597395645  0.0
-0.8849999999999999  0.022069486848207302  0.0
-0.8799999999999999  0.022185985373570572  0.0
-0.8749999999999999  0.02230519210430795  0.0
-0.8699999999999999  0.022427190593585104  0.0
-0.8649999999999999  0.022552067528926086  0.0
-0.8599999999999999  0.022679912874500354  0.0
-0.8549999999999999  0.022810820021289525  0.0
-0.8499999999999999  0.022944885945021393  0.0
-0.8449999999999999  0.023082211372754964  0.0
-0.8400000000000001  0.023222900958745064  0.0
-0.8350000000000001  0.023367063469493708  0.0
-0.8300000000000001  0.023514811979430325  0.0
-0.8250000000000001  0.0236662640772747  0.0
-0.8200000000000001  0.02382154208389626  0.0
-0.8150000000000001  0.023980773282752454  0.0
-0.81  0.024144090163116475  0.0
-0.805  0.024311630677374723  0.0
-0.8  0.024483538513302767  0.0
-0.795  0.024659963381978334  0.0
-0.79  0.02484106132259074  0.0
-0.785  0.025026995025489326  0.0
-0.78  0.02521793417423158  0.0
-0.775  0.02541405580818659  0.0
-0.77  0.025615544707160254  0.0
-0.765  0.025822593799379866  0.0
-0.76  0.026035404594717506  0.0
-0.755  0.02625418764445678  0.0
-0.75  0.026479163029951753  0.0
-0.745  0.026710560882160526  0.0
-0.74  0.02694862193384163  0.0
-0.735  0.02719359810733463  0.0
-0.73  0.02744575314012329  0.0
-0.725  0.027705363251206375  0.0
-0.72  0.0279727178509229  0.0
-0.715  0.028248120298071274  0.0
-0.71  0.028531888707290426  0.0
-0.705  0.028824356810712413  0.0
-0.7  0.02912587487824561  0.0
-0.695  0.029436810700788595  0.0
-0.69  0.029757550641066874  0.0
-0.6849999999999999  0.03008850075800736  0.0
-0.6799999999999999  0.030430088009612444  0.0
-0.6749999999999999  0.03078276154154547  0.0
-0.6699999999999999  0.031146994067330583  0.0
-0.6649999999999999  0.03152328334859039  0.0
-0.6599999999999999  0.031912153782331885  0.0
-0.6549999999999999  0.03231415810549183  0.0
-0.6499999999999999  0.03272987922500548  0.0
-0.6449999999999999  0.03315993218545036  0.0
-0.6399999999999999  0.03360496628433263  0.0
-0.6349999999999999  0.03406566734922907  0.0
-0.6299999999999999  0.03454276018916759  0.0
-0.6249999999999999  0.035037011236850144  0.0
-0.6199999999999999  0.035549231397165384  0.0
-0.6149999999999999  0.0360802791213155  0.0
-0.6099999999999999  0.03663106372585448  0.0
-0.6049999999999999  0.03720254897942143  0.0
-0.5999999999999999  0.03779575698105008  0.0
-0.5949999999999999  0.03841177235692518  0.0
-0.5900000000000001  0.039051746805311836  0.0
-0.5850000000000001  0.03971690402194372  0.0
-0.5800000000000001  0.040408545042040736  0.0
-0.5750000000000001  0.04112805403853248  0.0
-0.5700000000000001  0.0418769046203706  0.0
-0.5650000000000001  0.042656666679706294  0.0
-0.56  0.043469013841605675  0.0
-0.555  0.04431573157606224  0.0
-0.55  0.04519872603843845  0.0
-0.545  0.04612003371222346  0.0
-0.54  0.04708183193566509  0.0
-0.535  0.04808645040306916  0.0
-0.53  0.049136383742995685  0.0
-0.525  0.050234305285413  0.0
-0.52  0.051383082145047304  0.0
-0.515  0.052585791760847114  0.0
-0.51  0.053845740050355057  0.0
-0.505  0.05516648135444989  0.0
-0.5  0.05655184037111727  0.0
-0.495  0.058005936299800616  0.0
-0.49  0.05953320944489729  0.0
-0.485  0.06113845055971143  0.0
-0.48  0.06282683324470016  0.0
-0.475  0.06460394975578795  0.0
-0.47  0.06647585062267176  0.0
-0.46499999999999997  0.06844908852882023  0.0
-0.45999999999999996  0.0705307669641624  0.0
-0.45499999999999996  0.07272859422801886  0.0
-0.44999999999999996  0.07505094343562896  0.0
-0.44499999999999995  0.07750691927130642  0.0
-0.43999999999999995  0.08010643232890306  0.0
-0.43499999999999994  0.08286028199624414  0.0
-0.42999999999999994  0.08578024897126267  0.0
-0.42499999999999993  0.08887919864943136  0.0
-0.41999999999999993  0.09217119679273536  0.0
-0.4149999999999999  0.09567163909317472  0.0
-0.4099999999999999  0.09939739646957808  0.0
-0.4049999999999999  0.10336697820409768  0.0
-0.3999999999999999  0.10760071532409354  0.0
-0.3949999999999999  0.11212096699347184  0.0
-0.3899999999999999  0.11695235307477618  0.0
-0.3849999999999999  0.12212201649665509  0.0
-0.3799999999999999  0.1276599196004879  0.0
-0.3749999999999999  0.13359917926689693  0.0
-0.3699999999999999  0.13997644634064196  0.0
-0.3649999999999999  0.1468323357163311  0.0
-0.3599999999999999  0.15421191441191703  0.0
-0.35499999999999987  0.16216525606889592  0.0
-0.34999999999999987  0.17074807162603992  0.0
-0.34499999999999986  0.18002242739271818  0.0
-0.33999999999999986  0.1900575634818797  0.0
-0.33499999999999985  0.20093082754406896  0.0
-0.33000000000000007  0.21272874103637437  0.0
-0.32500000000000007  0.22554821787363427  0.0
-0.32000000000000006  0.2394979583196058  0.0
-0.31500000000000006  0.2547000443861853  0.0
-0.31000000000000005  0.2712917668946672  0.0
-0.30500000000000005  0.2894277187000917  0.0
-0.30000000000000004  0.30928219347465513  0.0
-0.29500000000000004  0.33105193479390815  0.0
-0.29000000000000004  0.35495928614774336  0.0
-0.28500000000000003  0.3812557987078802  0.0
-0.28  0.41022636011628005  0.0
-0.275  0.4421939139555689  0.0
-0.27  0.47752484534939005  0.0
-0.265  0.5166351127756894  0.0
-0.26  0.5599972084906422  0.0
-0.255  0.6081480284610974  0.0
-0.25  0.661697725275748  0.0
-0.245  0.7213396009079591  0.0
-0.24  0.7878610662065448  0.0
-0.235  0.8621556445051232  0.0
-0.22999999999999998  0.9452359195480929  0.0
-0.22499999999999998  1.0382472118019048  0.0
-0.21999999999999997  1.142481597354504  0.0
-0.21499999999999997  1.2593916401422276  0.0
-0.20999999999999996  1.3906028660343013  0.0
-0.20499999999999996  1.5379235339382693  0.0
-0.19999999999999996  1.7033496154313486  0.0
-0.19499999999999995  1.8890620339931081  0.0
-0.18999999999999995  2.097412087133926  0.0
-0.18499999999999994  2.3308895295747125  0.0
-0.17999999999999994  2.592065996851953  0.0
-0.17499999999999993  2.883504293473437  0.0
-0.16999999999999993  3.2076216253532834  0.0
-0.16499999999999992  3.566492318954049  0.0
-0.15999999999999992  3.96157334681994  0.0
-0.15499999999999992  4.393334816959824  0.0
-0.1499999999999999  4.860778717605329  0.0
-0.1449999999999999  5.360834542617964  0.0
-0.1399999999999999  5.88763267031526  0.0
-0.1349999999999999  6.431679047287782  0.0
-0.1299999999999999  6.978991802885845  0.0
-0.12499999999999989  7.510315229495044  0.0
-0.11999999999999988  8.000599607272056  0.0
-0.11499999999999988  8.419020435782858  0.0
-0.10999999999999988  8.729889360834271  0.0
-0.10499999999999987  8.89484477196102  0.0
-0.09999999999999987  8.876644590289054  0.0
-0.09499999999999986  8.644644482382791  0.0
-0.08999999999999986  8.181571282262668  0.0
-0.08499999999999985  7.490500884800399  0.0
-0.08000000000000007  6.600173350216615  0.0
-0.07500000000000007  5.566277414908958  0.0
-0.07000000000000006  4.466618091796954  0.0
-0.06500000000000006  3.3895613517522665  0.0
-0.06000000000000005  2.41772722103657  0.0
-0.055000000000000056  1.611596547379524  0.0
-0.050000000000000044  0.9988370536414098  0.0
-0.04500000000000005  0.5734156033735729  0.0
-0.040000000000000036  0.30432273890440115  0.0
-0.03500000000000004  0.1493937458276178  0.0
-0.030000000000000027  0.06808792402868108  0.0
-0.025000000000000026  0.029022857754364563  0.0
-0.020000000000000018  0.011701561381902748  0.0
-0.015000000000000017  0.004530687320684909  0.0
-0.010000000000000009  0.0017161533640511694  0.0
-0.005000000000000009  0.0006494499104600901  0.0
0.0  0.0002510524320386869  0.0
0.005  0.00010131769380408221  0.0
0.010000000000000231  4.354596621317724e-5  0.0
0.015000000000000232  2.0266126612196143e-5  0.0
0.020000000000000018  1.0340213776841497e-5  0.0
0.02500000000000002  5.828396801253145e-6  0.0
0.03000000000000025  3.640101296184511e-6  0.0
0.035000000000000246  2.515714678153771e-6  0.0
0.040000000000000036  1.914747686332278e-6  0.0
0.04500000000000003  1.5931337480385667e-6  0.0
0.04999999999999982  1.4359422843394075e-6  0.0
0.05499999999999982  1.3881706455734773e-6  0.0
0.06000000000000005  1.424837675635735e-6  0.0
0.06500000000000006  1.5375903351721797e-6  0.0
0.06999999999999984  1.7286083527943065e-6  0.0
0.07499999999999984  2.007906839246814e-6  0.0
0.08000000000000007  2.3923015725220367e-6  0.0
0.08500000000000008  2.9052178630820324e-6  0.0
0.08999999999999986  3.576925626219327e-6  0.0
0.09499999999999986  4.444965460735437e-6  0.0
0.10000000000000009  5.554616772664641e-6  0.0
0.1050000000000001  6.959303300882043e-6  0.0
0.10999999999999988  8.720858186573306e-6  0.0
0.11499999999999988  1.0909591051613743e-5  0.0
0.1200000000000001  1.3604118123300489e-5  0.0
0.1250000000000001  1.689093478409055e-5  0.0
0.1299999999999999  2.0863727945936816e-5  0.0
0.1349999999999999  2.5622442532155705e-5  0.0
0.14000000000000012  3.127213108177209e-5  0.0
0.14500000000000013  3.792162718678104e-5  0.0
0.1499999999999999  4.568209154986987e-5  0.0
0.15499999999999992  5.466548370113451e-5  0.0
0.16000000000000014  6.498301298490205e-5  0.0
0.16500000000000015  7.674361976420937e-5  0.0
0.16999999999999993  9.00525325306625e-5  0.0
0.17499999999999993  0.00010500993948977701  0.0
0.18000000000000016  0.00012170980497109733  0.0
0.18500000000000016  0.00014023885237804734  0.0
0.18999999999999995  0.00016067572693595662  0.0
0.19499999999999995  0.0001830903436705784  0.0
0.20000000000000018  0.0002075434191775744  0.0
0.20500000000000018  0.00023408618001081303  0.0
0.20999999999999996  0.00026276023600575786  0.0
0.21499999999999997  0.0002935976035462148  0.0
0.2200000000000002  0.0003266208616012024  0.0
0.2250000000000002  0.000361843422174303  0.0
0.22999999999999998  0.0003992698964766186  0.0
0.235  0.0004388965384859065  0.0
0.2400000000000002  0.0004807117484434901  0.0
0.24500000000000022  0.000524696620108397  0.0
0.25  0.0005708255171168158  0.0
0.255  0.0006190666654631864  0.0
0.26000000000000023  0.0006693827508447275  0.0
0.26500000000000024  0.0007217315113171217  0.0
0.27  0.0007760663173477779  0.0
0.275  0.0008323367328791232  0.0
0.28000000000000025  0.0008904890524090798  0.0
0.28500000000000025  0.0009504668103491778  0.0
0.29000000000000004  0.0010122112600119625  0.0
0.29500000000000004  0.0010756618205326174  0.0
0.30000000000000027  0.001140756490827951  0.0
0.30500000000000027  0.001207432230370671  0.0
0.31000000000000005  0.0012756253070990832  0.0
0.31500000000000006  0.0013452716132204175  0.0
0.31999999999999984  0.0014163069500076617  0.0
0.32499999999999984  0.0014886672829391091  0.0
0.33000000000000007  0.0015622889687187996  0.0
0.3350000000000001  0.0016371089558314636  0.0
0.33999999999999986  0.0017130649603621154  0.0
0.34499999999999986  0.0017900956188318339  0.0
0.3500000000000001  0.00186814061980563  0.0
0.3550000000000001  0.0019471408159889912  0.0
0.3599999999999999  0.002027038318485245  0.0
0.3649999999999999  0.0021077765748136737  0.0
0.3700000000000001  0.0021893004322161747  0.0
0.3750000000000001  0.0022715561876909193  0.0
0.3799999999999999  0.0023544916261072153  0.0
0.3849999999999999  0.0024380560476617045  0.0
0.3900000000000001  0.002522200285844969  0.0
0.39500000000000013  0.0026068767170033123  0.0
0.3999999999999999  0.0026920392624852213  0.0
0.4049999999999999  0.0027776433842868803  0.0
0.41000000000000014  0.002863646075025792  0.0
0.41500000000000015  0.0029500058429986938  0.0
0.41999999999999993  0.003036682693009347  0.0
0.42499999999999993  0.0031236381035847608  0.0
0.43000000000000016  0.003210835001137344  0.0
0.43500000000000016  0.0032982377315757864  0.0
0.43999999999999995  0.0033858120298075243  0.0
0.44499999999999995  0.00347352498754364  0.0
0.4500000000000002  0.0035613450197483306  0.0
0.4550000000000002  0.0036492418300630015  0.0
0.45999999999999996  0.0037371863754747034  0.0
0.46499999999999997  0.0038251508304795513  0.0
0.4700000000000002  0.0039131085509561455  0.0
0.4750000000000002  0.004001034037939524  0.0
0.48  0.004088902901455319  0.0
0.485  0.004176691824565462  0.0
0.4900000000000002  0.00426437852773664  0.0
0.4950000000000002  0.0043519417336467  0.0
0.5  0.004439361132510922  0.0
0.505  0.004526617348008294  0.0
0.5100000000000002  0.0046136919038638775  0.0
0.5150000000000002  0.004700567191146386  0.0
0.52  0.004787226436313185  0.0
0.525  0.004873653670044171  0.0
0.5300000000000002  0.00495983369688041  0.0
0.5350000000000003  0.005045752065693526  0.0
0.54  0.005131395040992159  0.0
0.545  0.005216749575074067  0.0
0.5500000000000003  0.005301803281027396  0.0
0.5550000000000003  0.005386544406577912  0.0
0.56  0.005470961808777091  0.0
0.5650000000000001  0.005555044929524037  0.0
0.5699999999999998  0.005638783771910851  0.0
0.5749999999999998  0.0057221688773783  0.0
0.5800000000000001  0.005805191303667138  0.0
0.5850000000000001  0.005887842603551402  0.0
0.5899999999999999  0.005970114804335148  0.0
0.5949999999999999  0.0060520003880952305  0.0
0.6000000000000001  0.006133492272650541  0.0
0.6050000000000001  0.006214583793242398  0.0
0.6099999999999999  0.006295268684901084  0.0
0.6149999999999999  0.0063755410654839926  0.0
0.6200000000000001  0.006455395419361705  0.0
0.6250000000000001  0.00653482658173328  0.0
0.6299999999999999  0.006613829723552687  0.0
0.6349999999999999  0.006692400337045168  0.0
0.6400000000000001  0.006770534221791351  0.0
0.6450000000000001  0.006848227471365343  0.0
0.6499999999999999  0.006925476460504407  0.0
0.6549999999999999  0.007002277832790477  0.0
0.6600000000000001  0.007078628488828868  0.0
0.6650000000000001  0.007154525574904878  0.0
0.6699999999999999  0.00722996647209724  0.0
0.6749999999999999  0.007304948785837296  0.0
0.6800000000000002  0.007379470335896419  0.0
0.6850000000000002  0.007453529146778978  0.0
0.69  0.007527123438513789  0.0
0.695  0.007600251617825492  0.0
0.7000000000000002  0.007672912269668287  0.0
0.7050000000000002  0.0077451041491136  0.0
0.71  0.007816826173573665  0.0
0.715  0.007888077415349562  0.0
0.7200000000000002  0.007958857094487877  0.0
0.7250000000000002  0.008029164571941014  0.0
0.73  0.00809899934300983  0.0
0.735  0.008168361031064606  0.0
0.7400000000000002  0.008237249381528143  0.0
0.7450000000000002  0.008305664256113069  0.0
0.75  0.008373605627305115  0.0
0.755  0.008441073573074845  0.0
0.7600000000000002  0.00850806827181717  0.0
0.7650000000000002  0.008574589997503476  0.0
0.77  0.008640639115044509  0.0
0.775  0.008706216075840227  0.0
0.7800000000000002  0.008771321413532818  0.0
0.7850000000000003  0.00883595573992726  0.0
0.79  0.008900119741099222  0.0
0.795  0.008963814173658984  0.0
0.8000000000000003  0.009027039861182515  0.0
0.8050000000000003  0.00908979769079052  0.0
0.81  0.009152088609880225  0.0
0.8150000000000001  0.009213913622991909  0.0
0.8199999999999998  0.009275273788814929  0.0
0.8249999999999998  0.009336170217320377  0.0
0.8300000000000001  0.00939660406702075  0.0
0.8350000000000001  0.009456576542344263  0.0
0.8399999999999999  0.009516088891125854  0.0
0.8449999999999999  0.009575142402206631  0.0
0.8500000000000001  0.009633738403138348  0.0
0.8550000000000001  0.009691878257986676  0.0
0.8599999999999999  0.009749563365230833  0.0
0.8649999999999999  0.009806795155755537  0.0
0.8700000000000001  0.009863575090933323  0.0
0.8750000000000001  0.009919904660783328  0.0
0.8799999999999999  0.00997578538222192  0.0
0.8849999999999999  0.010031218797382587  0.0
0.8900000000000001  0.010086206472013465  0.0
0.8950000000000001  0.010140749993943864  0.0
0.8999999999999999  0.010194850971621762  0.0
0.9049999999999999  0.010248511032714368  0.0
0.9100000000000001  0.010301731822771852  0.0
0.9150000000000001  0.010354515003949866  0.0
0.9199999999999999  0.01040686225379087  0.0
0.9249999999999999  0.010458775264061821  0.0
0.9300000000000002  0.010510255739640664  0.0
0.9350000000000002  0.010561305397454037  0.0
0.94  0.010611925965467537  0.0
0.945  0.010662119181717307  0.0
0.9500000000000002  0.010711886793386687  0.0
0.9550000000000002  0.010761230555928895  0.0
0.96  0.010810152232226167  0.0
0.965  0.010858653591789683  0.0
0.9700000000000002  0.010906736409996716  0.0
0.9750000000000002  0.010954402467364663  0.0
0.98  0.011001653548855989  0.0
0.985  0.011048491443218407  0.0
0.9900000000000002  0.011094917942358812  0.0
0.9950000000000002  0.011140934840740671  0.0
1.0  0.0111865439348161  0.0
1.005  0.01123174702248385  0.0
1.0100000000000002  0.011276545902573267  0.0
1.0150000000000001  0.011320942374351859  0.0
1.02  0.011364938237060255  0.0
1.025  0.011408535289469965  0.0
1.0300000000000002  0.011451735329459879  0.0
1.0350000000000001  0.011494540153620145  0.0
1.04  0.011536951556867245  0.0
1.045  0.011578971332089658  0.0
1.0500000000000003  0.011620601269803939  0.0
1.0550000000000002  0.011661843157830374  0.0
1.06  0.011702698780989307  0.0
1.065  0.011743169920808942  0.0
1.0700000000000003  0.011783258355252409  0.0
1.0750000000000002  0.01182296585845756  0.0
1.08  0.011862294200493144  0.0
1.085  0.011901245147126673  0.0
1.0899999999999999  0.011939820459605163  0.0
1.0949999999999998  0.011978021894453525  0.0
1.1  0.012015851203277186  0.0
1.105  0.012053310132582708  0.0
1.1099999999999999  0.01209040042360337  0.0
1.1149999999999998  0.012127123812144005  0.0
1.12  0.012163482028425316  0.0
1.125  0.01219947679694748  0.0
1.13  0.012235109836354697  0.0
1.1349999999999998  0.012270382859315396  0.0
1.1400000000000001  0.012305297572406912  0.0
1.145  0.012339855676008394  0.0
1.15  0.012374058864202595  0.0
1.1549999999999998  0.012407908824685945  0.0
1.1600000000000001  0.01244140723868289  0.0
1.165  0.012474555780866295  0.0
1.17  0.012507356119291274  0.0
1.1749999999999998  0.012539809915324586  0.0
1.1800000000000002  0.012571918823590158  0.0
1.185  0.012603684491910733  0.0
1.19  0.012635108561263875  0.0
1.1949999999999998  0.012666192665734112  0.0
1.2000000000000002  0.012696938432478174  0.0
1.205  0.012727347481688987  0.0
1.21  0.012757421426566539  0.0
1.2149999999999999  0.012787161873293242  0.0
1.2200000000000002  0.012816570421009716  0.0
1.225  0.01284564866180094  0.0
1.23  0.012874398180679321  0.0
1.2349999999999999  0.01290282055557585  0.0
1.2400000000000002  0.012930917357331298  0.0
1.245  0.012958690149693254  0.0
1.25  0.012986140489312922  0.0
1.255  0.013013269925749325  0.0
1.2600000000000002  0.013040080001471884  0.0
1.2650000000000001  0.01306657225186613  0.0
1.27  0.01309274820524539  0.0
1.275  0.013118609382859721  0.0
1.2800000000000002  0.013144157298909455  0.0
1.2850000000000001  0.013169393460563967  0.0
1.29  0.013194319367975072  0.0
1.295  0.013218936514298013  0.0
1.3000000000000003  0.013243246385713718  0.0
1.3050000000000002  0.013267250461449463  0.0
1.31  0.013290950213803856  0.0
1.315  0.013314347108172694  0.0
1.3200000000000003  0.013337442603076599  0.0
1.3250000000000002  0.013360238150187246  0.0
1.33  0.013382735194358524  0.0
1.335  0.013404935173657507  0.0
1.3399999999999999  0.013426839519394487  0.0
1.3449999999999998  0.013448449656156991  0.0
1.35  0.013469767001843512  0.0
1.355  0.01349079296769733  0.0
1.3599999999999999  0.013511528958341738  0.0
1.3649999999999998  0.013531976371815944  0.0
1.37  0.01355213659961317  0.0
1.375  0.01357201102671791  0.0
1.38  0.013591601031640302  0.0
1.3849999999999998  0.013610907986460231  0.0
1.3900000000000001  0.013629933256862391  0.0
1.395  0.01364867820217747  0.0
1.4  0.013667144175421564  0.0
1.4049999999999998  0.013685332523336523  0.0
1.4100000000000001  0.013703244586429861  0.0
1.415  0.013720881699018535  0.0
1.42  0.013738245189264801  0.0
1.4249999999999998  0.013755336379223666  0.0
1.4300000000000002  0.01377215658488084  0.0
1.435  0.013788707116195417  0.0
1.44  0.013804989277141409  0.0
1.4449999999999998  0.013821004365751195  0.0
1.4500000000000002  0.013836753674156118  0.0
1.455  0.013852238488629976  0.0
1.46  0.013867460089630076  0.0
1.4649999999999999  0.013882419751840066  0.0
1.4700000000000002  0.013897118744213814  0.0
1.475  0.01391155833001481  0.0
1.48  0.013925739766860417  0.0
1.4849999999999999  0.013939664306763102  0.0
1.4900000000000002  0.01395333319617344  0.0
1.495  0.013966747676020828  0.0
1.5  0.01397990898175706  0.0
1.505  0.013992818343396995  0.0
1.5100000000000002  0.014005476985560253  0.0
1.5150000000000001  0.01401788612751311  0.0
1.52  0.014030046983209183  0.0
1.525  0.014041960761331374  0.0
1.5300000000000002  0.014053628665332349  0.0
1.5350000000000001  0.014065051893475728  0.0
1.54  0.01407623163887584  0.0
1.545  0.014087169089539437  0.0
1.5500000000000003  0.014097865428404724  0.0
1.5550000000000002  0.014108321833381244  0.0
1.56  0.014118539477388453  0.0
1.565  0.01412851952840006  0.0
1.5700000000000003  0.014138263149476152  0.0
1.5750000000000002  0.014147771498806546  0.0
1.58  0.014157045729748999  0.0
1.585  0.014166086990866253  0.0
1.5899999999999999  0.01417489642596535  0.0
1.5949999999999998  0.0141834751741331  0.0
1.6  0.014191824369776875  0.0
1.605  0.014199945142659164  0.0
1.6099999999999999  0.014207838617936907  0.0
1.6149999999999998  0.01421550591619447  0.0
1.62  0.014222948153483777  0.0
1.625  0.014230166441356528  0.0
1.63  0.014237161886904545  0.0
1.6349999999999998  0.014243935592790207  0.0
1.6400000000000001  0.01425048865728458  0.0
1.645  0.014256822174301532  0.0
1.65  0.014262937233430773  0.0
1.6549999999999998  0.014268834919974488  0.0
1.6600000000000001  0.014274516314978126  0.0
1.665  0.01427998249526701  0.0
1.67  0.014285234533475475  0.0
1.6749999999999998  0.014290273498084004  0.0
1.6800000000000002  0.014295100453447838  0.0
1.685  0.014299716459833427  0.0
1.69  0.014304122573443996  0.0
1.6949999999999998  0.014308319846458075  0.0
1.7000000000000002  0.014312309327055057  0.0
1.705  0.014316092059449675  0.0
1.71  0.014319669083921358  0.0
1.7149999999999999  0.014323041436841105  0.0
1.7200000000000002  0.014326210150708486  0.0
1.725  0.014329176254174994  0.0
1.73  0.014331940772074867  0.0
1.7349999999999999  0.014334504725455843  0.0
1.7400000000000002  0.014336869131605128  0.0
1.745  0.014339035004079818  0.0
1.75  0.014341003352733946  0.0
1.755  0.014342775183745637  0.0
1.7600000000000002  0.01434435149964376  0.0
1.7650000000000001  0.014345733299338713  0.0
1.77  0.01434692157814392  0.0
1.775  0.01434791732780678  0.0
1.7800000000000002  0.014348721536531365  0.0
1.7850000000000001  0.01434933518900507  0.0
1.79  0.014349759266425741  0.0
1.795  0.014349994746525537  0.0
1.8000000000000003  0.014350042603593932  0.0
1.8050000000000002  0.01434990380850738  0.0
1.81  0.014349579328747574  0.0
1.815  0.014349070128429335  0.0
1.8200000000000003  0.01434837716832349  0.0
1.8250000000000002  0.014347501405879154  0.0
1.83  0.014346443795248676  0.0
1.835  0.01434520528730774  0.0
1.8399999999999999  0.014343786829680393  0.0
1.8449999999999998  0.014342189366761413  0.0
1.85  0.01434041383973593  0.0
1.855  0.01433846118660275  0.0
1.8599999999999999  0.014336332342196242  0.0
1.8649999999999998  0.014334028238204188  0.0
1.87  0.014331549803194383  0.0
1.875  0.014328897962630425  0.0
1.88  0.014326073638893818  0.0
1.8849999999999998  0.014323077751303495  0.0
1.8900000000000001  0.014319911216136159  0.0
1.895  0.014316574946646114  0.0
1.9  0.014313069853083784  0.0
1.9049999999999998  0.014309396842714553  0.0
1.9100000000000001  0.014305556819838734  0.0
1.915  0.014301550685808205  0.0
1.92  0.014297379339048589  0.0
1.9249999999999998  0.0142930436750713  0.0
1.9300000000000002  0.014288544586496466  0.0
1.935  0.014283882963068841  0.0
1.94  0.014279059691673736  0.0
1.9449999999999998  0.014274075656356714  0.0
1.9500000000000002  0.014268931738337666  0.0
1.955  0.014263628816029732  0.0
1.96  0.01425816776505493  0.0
1.9649999999999999  0.014252549458259222  0.0
1.9700000000000002  0.014246774765730765  0.0
1.975  0.014240844554812516  0.0
1.98  0.01423475969012135  0.0
1.9849999999999999  0.014228521033559276  0.0
1.9900000000000002  0.01422212944433362  0.0
1.995  0.014215585778966765  0.0
2.0  0.01420889089131361  0.0
2.005  0.01420204563257549  0.0
2.01  0.014195050851314832  0.0
2.020243902439024  0.014180256662745408  0.0
2.0307407407407405  0.014164457381018363  0.0
2.0415  0.01414759905787796  0.0
2.05253164556962  0.014129624540911693  0.0
2.0638461538461534  0.01411047325813209  0.0
2.075454545454545  0.014090080986409367  0.0
2.0873684210526315  0.014068379602454379  0.0
2.0995999999999997  0.014045296814920063  0.0
2.112162162162162  0.014020755876088618  0.0
2.1250684931506845  0.013994675271470322  0.0
2.138333333333333  0.013966968385514734  0.0
2.1519718309859153  0.013937543141467626  0.0
2.166  0.01390630161327863  0.0
2.180434782608695  0.013873139607270935  0.0
2.195294117647059  0.013837946211113686  0.0
2.210597014925373  0.01380060330746777  0.0
2.226363636363636  0.013760985049460057  0.0
2.2426153846153847  0.013718957294953208  0.0
2.2593749999999995  0.013674376996370847  0.0
2.2766666666666664  0.013627091542651792  0.0
2.2945161290322575  0.01357693804967292  0.0
2.312950819672131  0.013523742595339215  0.0
2.332  0.013467319395347817  0.0
2.351694915254237  0.013407469915517802  0.0
2.372068965517241  0.013343981916500585  0.0
2.393157894736842  0.013276628426676663  0.0
2.415  0.013205166639144731  0.0
2.437636363636363  0.0131293367289554  0.0
2.461111111111111  0.013048860587139903  0.0
2.4854716981132072  0.012963440468771611  0.0
2.5107692307692306  0.012872757553282863  0.0
2.537058823529412  0.012776470416681516  0.0
2.5644  0.012674213417292385  0.0
2.5928571428571425  0.012565594999359823  0.0
2.6224999999999996  0.012450195922496025  0.0
2.653404255319149  0.012327567429844052  0.0
2.6856521739130432  0.012197229374273583  0.0
2.719333333333333  0.012058668330423102  0.0
2.7545454545454544  0.011911335731526819  0.0
2.7913953488372094  0.011754646084438663  0.0
2.83  0.01158797533509796  0.0
2.8704878048780484  0.011410659481045863  0.0
2.913  0.011221993559060601  0.0
2.9576923076923074  0.011021231176539631  0.0
3.004736842105263  0.010807584807331103  0.0
3.054324324324324  0.010580227139484092  0.0
3.1066666666666665  0.010338293847682926  0.0
3.162  0.010080888271711386  0.0
3.2205882352941173  0.009807088619919045  0.0
3.2827272727272723  0.009515958490064603  0.0
3.3487499999999994  0.009206561716797183  0.0
3.4190322580645156  0.008877982823492638  0.0
3.4939999999999998  0.008529354683882872  0.0
3.5741379310344823  0.00815989539100462  0.0
3.6599999999999997  0.00776895678648932  0.0
3.7522222222222217  0.007356087608271802  0.0
3.8515384615384614  0.006921114731589283  0.0
3.9587999999999997  0.006464246425482991  0.0
4.074999999999999  0.005986201769554443  0.0
4.2013043478260865  0.005488370094271109  0.0
4.339090909090909  0.0049730030447089485  0.0
4.49  0.00444343883718004  0.0
4.656  0.0039043522478549404  0.0
4.839473684210526  0.0033620130140096676  0.0
5.043333333333333  0.0028245171586896846  0.0
5.271176470588235  0.002301927414133354  0.0
5.527499999999999  0.0018062184115482528  0.0
5.818  0.0013508718167705095  0.0
6.1499999999999995  0.000949920011695282  0.0
6.533076923076923  0.0006162336774520194  0.0
6.9799999999999995  0.0003589721757684751  0.0
7.508181818181818  0.00018049735129182335  0.0
8.142  7.379398111444162e-5  0.0
8.916666666666666  2.2330124684881358e-5  0.0
9.884999999999998  4.283173669424098e-6  0.0
11.129999999999999  3.9713785014547304e-7  0.0
12.79  1.0684369820178307e-8  0.0
15.113999999999999  2.8906373233022288e-11  0.0
18.599999999999994  8.336371755239759e-16  0.0
24.409999999999997  1.9995419681433988e-16  0.0
36.029999999999994  2.014425641314455e-16  0.0
70.88999999999999  2.0233462048356422e-16  0.0
