-70.88999999999999  3.9308383038202994e-57  0.0
-36.029999999999994  8.516766833266686e-29  0.0
-24.409999999999997  1.391464892239199e-18  0.0
-18.599999999999994  1.0967570676633174e-13  0.0
-15.113999999999999  2.077921905912832e-10  0.0
-12.79  5.8426955423707665e-8  0.0
-11.129999999999999  2.1216367729824885e-6  0.0
-9.884999999999998  2.2934138135544108e-5  0.0
-8.916666666666666  0.00012050297932379291  0.0
-8.142  0.0004020772977793955  0.0
-7.508181818181818  0.000993700699807448  0.0
-6.9799999999999995  0.0019973902890113747  0.0
-6.533076923076923  0.0034657055265107746  0.0
-6.1499999999999995  0.005399481974246584  0.0
-5.818  0.007759653557536432  0.0
-5.527499999999999  0.010483046307864789  0.0
-5.271176470588235  0.013496236862569538  0.0
-5.043333333333333  0.016725431420911034  0.0
-4.839473684210526  0.020102459433198265  0.0
-4.656  0.02356777424030643  0.0
-4.49  0.027071444551217936  0.0
-4.339090909090909  0.030572939732426693  0.0
-4.2013043478260865  0.03404027741736366  0.0
-4.074999999999999  0.03744889992768155  0.0
-3.9587999999999997  0.040780497511615374  0.0
-3.8515384615384614  0.04402189678675631  0.0
-3.7522222222222217  0.04716407022761693  0.0
-3.6599999999999997  0.05020128555107027  0.0
-3.5741379310344823  0.053130393427855735  0.0
-3.4939999999999998  0.05595024174710468  0.0
-3.4190322580645156  0.05866120048693403  0.0
-3.3487499999999994  0.061264780439466794  0.0
-3.2827272727272723  0.06376332998005943  0.0
-3.2205882352941173  0.06615979580209318  0.0
-3.162  0.06845753552080927  0.0
-3.1066666666666665  0.07066017199521589  0.0
-3.054324324324324  0.07277148098773528  0.0
-3.004736842105263  0.07479530532333722  0.0
-2.9576923076923074  0.07673549001573478  0.0
-2.913  0.07859583391324196  0.0
-2.8704878048780484  0.08038005430657386  0.0
-2.83  0.08209176166348471  0.0
-2.7913953488372094  0.08373444223800848  0.0
-2.7545454545454544  0.0853114467698243  0.0
-2.719333333333333  0.08682598386322189  0.0
-2.6856521739130432  0.0882811169332474  0.0
-2.653404255319149  0.08967976384373136  0.0
-2.6224999999999996  0.09102469855019178  0.0
-2.5928571428571425  0.09231855420991004  0.0
-2.5644  0.09356382733972991  0.0
-2.537058823529412  0.09476288269567923  0.0
-2.5107692307692306  0.09591795862244114  0.0
-2.4854716981132072  0.09703117267904875  0.0
-2.461111111111111  0.09810452739316583  0.0
-2.437636363636363  0.09913991603250039  0.0
-2.415  0.10013912831031355  0.0
-2.393157894736842  0.10110385596424368  0.0
-2.372068965517241  0.1020356981650448  0.0
-2.351694915254237  0.10293616672535706  0.0
-2.332  0.10380669108909081  0.0
-2.312950819672131  0.10464862309005378  0.0
-2.2945161290322575  0.10546324147459596  0.0
-2.2766666666666664  0.10625175618768477  0.0
-2.2593749999999995  0.10701531242528457  0.0
-2.2426153846153847  0.10775499445844376  0.0
-2.226363636363636  0.10847182923630037  0.0
-2.210597014925373  0.10916678977645689  0.0
-2.195294117647059  0.10984079835197924  0.0
-2.180434782608695  0.1104947294847396  0.0
-2.166  0.11112941275503052  0.0
-2.1519718309859153  0.11174563543739277  0.0
-2.138333333333333  0.11234414497246466  0.0
-2.1250684931506845  0.11292565128442536  0.0
-2.112162162162162  0.11349082895328848  0.0
-2.0995999999999997  0.11404031925093878  0.0
-2.0873684210526315  0.11457473204940394  0.0
-2.075454545454545  0.11509464760943754  0.0
-2.0638461538461534  0.11560061825706153  0.0
-2.05253164556962  0.11609316995529205  0.0
-2.0415  0.11657280377785181  0.0
-2.0307407407407405  0.1170399972912636  0.0
-2.020243902439024  0.11749520585132478  0.0
-2.01  0.11793886381958502  0.0
-2.0  0.11837140248611792  0.0
-1.995  0.11858745332877997  0.0
-1.99  0.11880335589967743  0.0
-1.985  0.11901909896830706  0.0
-1.98  0.11923468927577764  0.0
-1.975  0.11945012457440676  0.0
-1.97  0.11966540261457138  0.0
-1.965  0.11988052114474544  0.0
-1.96  0.12009547791153767  0.0
-1.955  0.12031027065972938  0.0
-1.95  0.12052489713231251  0.0
-1.945  0.12073935507052762  0.0
-1.94  0.120953642213902  0.0
-1.935  0.12116775630028807  0.0
-1.93  0.12138169506590174  0.0
-1.925  0.1215954562453609  0.0
-1.92  0.121809037571724  0.0
-1.915  0.12202243677652874  0.0
-1.91  0.12223565158983092  0.0
-1.905  0.12244867974024332  0.0
-1.9  0.1226615189549747  0.0
-1.895  0.12287416695986893  0.0
-1.89  0.12308662147944421  0.0
-1.885  0.12329888023693232  0.0
-1.88  0.12351094095431812  0.0
-1.875  0.12372280135237887  0.0
-1.87  0.12393445915072407  0.0
-1.8650000000000002  0.12414591206783497  0.0
-1.8599999999999999  0.12435715782110437  0.0
-1.855  0.12456819412687661  0.0
-1.85  0.12477901870048741  0.0
-1.8450000000000002  0.124989629256304  0.0
-1.84  0.12520002350776527  0.0
-1.8350000000000002  0.12541019916742197  0.0
-1.83  0.12562015394697706  0.0
-1.8250000000000002  0.1258298855573261  0.0
-1.82  0.12603939170859788  0.0
-1.8150000000000002  0.1262486701101947  0.0
-1.81  0.1264577184708335  0.0
-1.8050000000000002  0.12666653449858611  0.0
-1.8  0.12687511590092052  0.0
-1.7950000000000002  0.12708346038474141  0.0
-1.79  0.12729156565643152  0.0
-1.7850000000000001  0.1274994294218924  0.0
-1.78  0.12770704938658592  0.0
-1.7750000000000001  0.12791442325557506  0.0
-1.77  0.12812154873356557  0.0
-1.7650000000000001  0.12832842352494725  0.0
-1.76  0.12853504533383533  0.0
-1.7550000000000001  0.12874141186411217  0.0
-1.75  0.1289475208194686  0.0
-1.745  0.12915336990344597  0.0
-1.74  0.1293589568194775  0.0
-1.735  0.12956427927093034  0.0
-1.73  0.1297693349611474  0.0
-1.725  0.1299741215934893  0.0
-1.72  0.13017863687137632  0.0
-1.715  0.13038287849833058  0.0
-1.71  0.13058684417801814  0.0
-1.705  0.1307905316142912  0.0
-1.7  0.13099393851123034  0.0
-1.695  0.13119706257318692  0.0
-1.69  0.1313999015048255  0.0
-1.685  0.1316024530111661  0.0
-1.68  0.13180471479762695  0.0
-1.675  0.13200668457006687  0.0
-1.67  0.13220836003482794  0.0
-1.665  0.13240973889877825  0.0
-1.66  0.13261081886935455  0.0
-1.655  0.13281159765460504  0.0
-1.65  0.13301207296323214  0.0
-1.645  0.1332122425046355  0.0
-1.6400000000000001  0.13341210398895484  0.0
-1.6350000000000002  0.13361165512711298  0.0
-1.63  0.13381089363085877  0.0
-1.625  0.13400981721281022  0.0
-1.62  0.13420842358649765  0.0
-1.6150000000000002  0.1344067104664068  0.0
-1.6099999999999999  0.13460467556802203  0.0
-1.605  0.1348023166078695  0.0
-1.6  0.13499963130356063  0.0
-1.5950000000000002  0.1351966173738352  0.0
-1.5899999999999999  0.13539327253860486  0.0
-1.585  0.13558959451899646  0.0
-1.58  0.13578558103739546  0.0
-1.5750000000000002  0.13598122981748947  0.0
-1.57  0.13617653858431167  0.0
-1.5650000000000002  0.13637150506428428  0.0
-1.56  0.1365661269852624  0.0
-1.5550000000000002  0.13676040207657722  0.0
-1.55  0.1369543280690799  0.0
-1.5450000000000002  0.13714790269518512  0.0
-1.54  0.13734112368891468  0.0
-1.5350000000000001  0.13753398878594145  0.0
-1.53  0.1377264957236327  0.0
-1.5250000000000001  0.1379186422410943  0.0
-1.52  0.13811042607921398  0.0
-1.5150000000000001  0.1383018449807056  0.0
-1.51  0.13849289669015255  0.0
-1.5050000000000001  0.13868357895405192  0.0
-1.5  0.13887388952085808  0.0
-1.495  0.13906382614102653  0.0
-1.49  0.13925338656705807  0.0
-1.485  0.1394425685535423  0.0
-1.48  0.1396313698572018  0.0
-1.475  0.13981978823693583  0.0
-1.47  0.14000782145386442  0.0
-1.465  0.14019546727137217  0.0
-1.46  0.14038272345515224  0.0
-1.455  0.14056958777325027  0.0
-1.45  0.14075605799610827  0.0
-1.445  0.14094213189660876  0.0
-1.44  0.1411278072501184  0.0
-1.435  0.1413130818345322  0.0
-1.43  0.14149795343031743  0.0
-1.425  0.14168241982055751  0.0
-1.42  0.14186647879099593  0.0
-1.415  0.14205012813008028  0.0
-1.4100000000000001  0.1422333656290061  0.0
-1.4050000000000002  0.14241618908176096  0.0
-1.4  0.14259859628516824  0.0
-1.395  0.14278058503893104  0.0
-1.3900000000000001  0.14296215314567626  0.0
-1.3850000000000002  0.1431432984109982  0.0
-1.38  0.14332401864350294  0.0
-1.375  0.14350431165485156  0.0
-1.37  0.14368417525980462  0.0
-1.3650000000000002  0.1438636072762655  0.0
-1.3599999999999999  0.14404260552532464  0.0
-1.355  0.14422116783130307  0.0
-1.35  0.14439929202179627  0.0
-1.3450000000000002  0.14457697592771804  0.0
-1.3399999999999999  0.14475421738334415  0.0
-1.335  0.14493101422635601  0.0
-1.33  0.14510736429788448  0.0
-1.3250000000000002  0.14528326544255357  0.0
-1.3199999999999998  0.14545871550852396  0.0
-1.315  0.14563371234753664  0.0
-1.31  0.1458082538149567  0.0
-1.3050000000000002  0.14598233776981662  0.0
-1.2999999999999998  0.14615596207485995  0.0
-1.295  0.1463291245965847  0.0
-1.29  0.146501823205287  0.0
-1.2850000000000001  0.14667405577510445  0.0
-1.28  0.14684582018405926  0.0
-1.2750000000000001  0.14701711431410197  0.0
-1.27  0.14718793605115454  0.0
-1.2650000000000001  0.14735828328515382  0.0
-1.26  0.14752815391009447  0.0
-1.2550000000000001  0.1476975458240724  0.0
-1.25  0.14786645692932796  0.0
-1.245  0.14803488513228882  0.0
-1.24  0.1482028283436132  0.0
-1.235  0.14837028447823278  0.0
-1.23  0.14853725145539567  0.0
-1.225  0.14870372719870947  0.0
-1.22  0.1488697096361839  0.0
-1.215  0.14903519670027382  0.0
-1.21  0.14920018632792167  0.0
-1.205  0.1493646764606006  0.0
-1.2  0.14952866504435677  0.0
-1.195  0.1496921500298521  0.0
-1.19  0.1498551293724067  0.0
-1.185  0.15001760103204134  0.0
-1.18  0.15017956297352  0.0
-1.175  0.15034101316639203  0.0
-1.17  0.15050194958503454  0.0
-1.165  0.15066237020869458  0.0
-1.1600000000000001  0.1508222730215312  0.0
-1.1550000000000002  0.15098165601265778  0.0
-1.15  0.1511405171761837  0.0
-1.145  0.15129885451125655  0.0
-1.1400000000000001  0.1514566660221039  0.0
-1.1350000000000002  0.1516139497180751  0.0
-1.13  0.15177070361368308  0.0
-1.125  0.15192692572864588  0.0
-1.12  0.15208261408792823  0.0
-1.1150000000000002  0.15223776672178319  0.0
-1.1099999999999999  0.15239238166579347  0.0
-1.105  0.15254645696091276  0.0
-1.1  0.15269999065350703  0.0
-1.0950000000000002  0.15285298079539572  0.0
-1.0899999999999999  0.15300542544389276  0.0
-1.085  0.15315732266184767  0.0
-1.08  0.15330867051768643  0.0
-1.0750000000000002  0.1534594670854523  0.0
-1.0699999999999998  0.15360971044484667  0.0
-1.065  0.15375939868126964  0.0
-1.06  0.1539085298858606  0.0
-1.0550000000000002  0.15405710215553878  0.0
-1.0499999999999998  0.1542051135930435  0.0
-1.045  0.15435256230697458  0.0
-1.04  0.15449944641183253  0.0
-1.0350000000000001  0.15464576402805852  0.0
-1.03  0.1547915132820747  0.0
-1.0250000000000001  0.15493669230632368  0.0
-1.02  0.15508129923930866  0.0
-1.0150000000000001  0.15522533222563303  0.0
-1.01  0.15536878941604  0.0
-1.0050000000000001  0.15551166896745192  0.0
-1.0  0.15565396904301007  0.0
-0.995  0.15579568781211264  0.0
-0.99  0.15593682345045853  0.0
-0.985  0.15607737414007772  0.0
-0.98  0.15621733806937876  0.0
-0.975  0.1563567134331835  0.0
-0.97  0.15649549843276647  0.0
-0.965  0.15663369127589372  0.0
-0.96  0.15677129017686117  0.0
-0.955  0.15690829335653322  0.0
-0.95  0.15704469904238078  0.0
-0.945  0.1571805054685196  0.0
-0.94  0.1573157108757483  0.0
-0.9349999999999999  0.1574503135115863  0.0
-0.9299999999999999  0.15758431163031153  0.0
-0.9249999999999999  0.15771770349299827  0.0
-0.9199999999999999  0.1578504873675546  0.0
-0.9149999999999999  0.15798266152875998  0.0
-0.9099999999999999  0.1581142242583023  0.0
-0.9049999999999999  0.15824517384481535  0.0
-0.8999999999999999  0.15837550858391575  0.0
-0.8949999999999999  0.15850522677823983  0.0
-0.8899999999999999  0.15863432673748065  0.0
-0.8849999999999999  0.15876280677842433  0.0
-0.8799999999999999  0.1588906652249869  0.0
-0.8749999999999999  0.15901790040825053  0.0
-0.8699999999999999  0.15914451066649987  0.0
-0.8649999999999999  0.15927049434525817  0.0
-0.8599999999999999  0.15939584979732324  0.0
-0.8549999999999999  0.15952057538280345  0.0
-0.8499999999999999  0.15964466946915323  0.0
-0.8449999999999999  0.15976813043120885  0.0
-0.8400000000000001  0.15989095665122371  0.0
-0.8350000000000001  0.1600131465189039  0.0
-0.8300000000000001  0.16013469843144287  0.0
-0.8250000000000001  0.1602556107935571  0.0
-0.8200000000000001  0.16037588201752034  0.0
-0.8150000000000001  0.16049551052319874  0.0
-0.81  0.16061449473808526  0.0
-0.805  0.1607328330973341  0.0
-0.8  0.16085052404379507  0.0
-0.795  0.16096756602804763  0.0
-0.79  0.16108395750843477  0.0
-0.785  0.16119969695109715  0.0
-0.78  0.16131478283000644  0.0
-0.775  0.161429213626999  0.0
-0.77  0.16154298783180912  0.0
-0.765  0.16165610394210245  0.0
-0.76  0.1617685604635087  0.0
-0.755  0.1618803559096549  0.0
-0.75  0.1619914888021979  0.0
-0.745  0.1621019576708569  0.0
-0.74  0.162211761053446  0.0
-0.735  0.16232089749590636  0.0
-0.73  0.16242936555233828  0.0
-0.725  0.16253716378503313  0.0
-0.72  0.1626442907645051  0.0
-0.715  0.16275074506952275  0.0
-0.71  0.16285652528714042  0.0
-0.705  0.1629616300127296  0.0
-0.7  0.16306605785000972  0.0
-0.695  0.16316980741107937  0.0
-0.69  0.16327287731644677  0.0
-0.6849999999999999  0.16337526619506063  0.0
-0.6799999999999999  0.16347697268434017  0.0
-0.6749999999999999  0.16357799543020565  0.0
-0.6699999999999999  0.16367833308710814  0.0
-0.6649999999999999  0.16377798431805962  0.0
-0.6599999999999999  0.16387694779466255  0.0
-0.6549999999999999  0.16397522219713934  0.0
-0.6499999999999999  0.16407280621436166  0.0
-0.6449999999999999  0.16416969854387972  0.0
-0.6399999999999999  0.1642658978919512  0.0
-0.6349999999999999  0.1643614029735699  0.0
-0.6299999999999999  0.16445621251249443  0.0
-0.6249999999999999  0.16455032524127663  0.0
-0.6199999999999999  0.16464373990128983  0.0
-0.6149999999999999  0.1647364552427569  0.0
-0.6099999999999999  0.16482847002477788  0.0
-0.6049999999999999  0.16491978301535817  0.0
-0.5999999999999999  0.16501039299143544  0.0
-0.5949999999999999  0.16510029873890722  0.0
-0.5900000000000001  0.16518949905265803  0.0
-0.5850000000000001  0.16527799273658625  0.0
-0.5800000000000001  0.16536577860363078  0.0
-0.5750000000000001  0.1654528554757977  0.0
-0.5700000000000001  0.16553922218418637  0.0
-0.5650000000000001  0.165624877569016  0.0
-0.56  0.1657098204796512  0.0
-0.555  0.16579404977462778  0.0
-0.55  0.1658775643216787  0.0
-0.545  0.16596036299775885  0.0
-0.54  0.16604244468907076  0.0
-0.535  0.1661238082910892  0.0
-0.53  0.16620445270858608  0.0
-0.525  0.16628437685565506  0.0
-0.52  0.16636357965573575  0.0
-0.515  0.16644206004163828  0.0
-0.51  0.1665198169555666  0.0
-0.505  0.16659684934914287  0.0
-0.5  0.16667315618343068  0.0
-0.495  0.16674873642895852  0.0
-0.49  0.16682358906574282  0.0
-0.485  0.16689771308331108  0.0
-0.48  0.16697110748072436  0.0
-0.475  0.16704377126659994  0.0
-0.47  0.16711570345913374  0.0
-0.46499999999999997  0.16718690308612222  0.0
-0.45999999999999996  0.16725736918498435  0.0
-0.45499999999999996  0.16732710080278337  0.0
-0.44999999999999996  0.16739609699624824  0.0
-0.44499999999999995  0.16746435683179475  0.0
-0.43999999999999995  0.16753187938554687  0.0
-0.43499999999999994  0.1675986637433573  0.0
-0.42999999999999994  0.16766470900082828  0.0
-0.42499999999999993  0.16773001426333192  0.0
-0.41999999999999993  0.16779457864603034  0.0
-0.4149999999999999  0.1678584012738959  0.0
-0.4099999999999999  0.16792148128173062  0.0
-0.4049999999999999  0.16798381781418603  0.0
-0.3999999999999999  0.1680454100257822  0.0
-0.3949999999999999  0.16810625708092716  0.0
-0.3899999999999999  0.1681663581539356  0.0
-0.3849999999999999  0.16822571242904763  0.0
-0.3799999999999999  0.1682843191004471  0.0
-0.3749999999999999  0.16834217737228005  0.0
-0.3699999999999999  0.16839928645867253  0.0
-0.3649999999999999  0.16845564558374845  0.0
-0.3599999999999999  0.16851125398164726  0.0
-0.35499999999999987  0.168566110896541  0.0
-0.34999999999999987  0.16862021558265183  0.0
-0.34499999999999986  0.16867356730426858  0.0
-0.33999999999999986  0.1687261653357636  0.0
-0.33499999999999985  0.16877800896160913  0.0
-0.33000000000000007  0.1688290974763936  0.0
-0.32500000000000007  0.16887943018483761  0.0
-0.32000000000000006  0.16892900640180955  0.0
-0.31500000000000006  0.1689778254523414  0.0
-0.31000000000000005  0.16902588667164384  0.0
-0.30500000000000005  0.16907318940512148  0.0
-0.30000000000000004  0.1691197330083875  0.0
-0.29500000000000004  0.1691655168472786  0.0
-0.29000000000000004  0.16921054029786917  0.0
-0.28500000000000003  0.16925480274648544  0.0
-0.28  0.16929830358971962  0.0
-0.275  0.16934104223444343  0.0
-0.27  0.1693830180978217  0.0
-0.265  0.16942423060732542  0.0
-0.26  0.169464679200745  0.0
-0.255  0.16950436332620297  0.0
-0.25  0.16954328244216643  0.0
-0.245  0.16958143601745948  0.0
-0.24  0.16961882353127522  0.0
-0.235  0.16965544447318764  0.0
-0.22999999999999998  0.16969129834316335  0.0
-0.22499999999999998  0.1697263846515727  0.0
-0.21999999999999997  0.16976070291920117  0.0
-0.21499999999999997  0.16979425267726012  0.0
-0.20999999999999996  0.16982703346739744  0.0
-0.20499999999999996  0.16985904484170833  0.0
-0.19999999999999996  0.16989028636274495  0.0
-0.19499999999999995  0.16992075760352676  0.0
-0.18999999999999995  0.1699504581475503  0.0
-0.18499999999999994  0.1699793875887983  0.0
-0.17999999999999994  0.17000754553174935  0.0
-0.17499999999999993  0.17003493159138655  0.0
-0.16999999999999993  0.1700615453932067  0.0
-0.16499999999999992  0.1700873865732284  0.0
-0.15999999999999992  0.1701124547780006  0.0
-0.15499999999999992  0.1701367496646106  0.0
-0.1499999999999999  0.1701602709006919  0.0
-0.1449999999999999  0.1701830181644317  0.0
-0.1399999999999999  0.17020499114457832  0.0
-0.1349999999999999  0.17022618954044808  0.0
-0.1299999999999999  0.17024661306193278  0.0
-0.12499999999999989  0.1702662614295055  0.0
-0.11999999999999988  0.17028513437422743  0.0
-0.11499999999999988  0.1703032316377539  0.0
-0.10999999999999988  0.1703205529723405  0.0
-0.10499999999999987  0.17033709814084835  0.0
-0.09999999999999987  0.17035286691674975  0.0
-0.09499999999999986  0.17036785908413327  0.0
-0.08999999999999986  0.17038207443770872  0.0
-0.08499999999999985  0.17039551278281176  0.0
-0.08000000000000007  0.17040817393540858  0.0
-0.07500000000000007  0.1704200577220997  0.0
-0.07000000000000006  0.17043116398012434  0.0
-0.06500000000000006  0.17044149255736377  0.0
-0.06000000000000005  0.17045104331234506  0.0
-0.055000000000000056  0.1704598161142443  0.0
-0.050000000000000044  0.17046781084288923  0.0
-0.04500000000000005  0.17047502738876244  0.0
-0.040000000000000036  0.17048146565300365  0.0
-0.03500000000000004  0.17048712554741202  0.0
-0.030000000000000027  0.17049200699444808  0.0
-0.025000000000000026  0.1704961099272355  0.0
-0.020000000000000018  0.17049943428956288  0.0
-0.015000000000000017  0.17050198003588465  0.0
-0.010000000000000009  0.17050374713132235  0.0
-0.005000000000000009  0.17050473555166532  0.0
0.0  0.17050494528337135  0.0
0.005  0.17050437632356696  0.0
0.010000000000000231  0.17050302868004744  0.0
0.015000000000000232  0.17050090237127655  0.0
0.020000000000000018  0.17049799742638647  0.0
0.02500000000000002  0.17049431388517647  0.0
0.03000000000000025  0.17048985179811296  0.0
0.035000000000000246  0.17048461122632738  0.0
0.040000000000000036  0.17047859224161543  0.0
0.04500000000000003  0.1704717949264351  0.0
0.04999999999999982  0.17046421937390502  0.0
0.05499999999999982  0.17045586568780213  0.0
0.06000000000000005  0.17044673398255944  0.0
0.06500000000000006  0.17043682438326338  0.0
0.06999999999999984  0.17042613702565107  0.0
0.07499999999999984  0.1704146720561068  0.0
0.08000000000000007  0.17040242963165933  0.0
0.08500000000000008  0.17038940991997772  0.0
0.08999999999999986  0.17037561309936783  0.0
0.09499999999999986  0.17036103935876815  0.0
0.10000000000000009  0.17034568889774548  0.0
0.1050000000000001  0.17032956192649043  0.0
0.10999999999999988  0.17031265866581263  0.0
0.11499999999999988  0.17029497934713556  0.0
0.1200000000000001  0.17027652421249145  0.0
0.1250000000000001  0.17025729351451552  0.0
0.1299999999999999  0.17023728751644052  0.0
0.1349999999999999  0.17021650649209052  0.0
0.14000000000000012  0.17019495072587482  0.0
0.14500000000000013  0.17017262051278095  0.0
0.1499999999999999  0.17014951615836887  0.0
0.15499999999999992  0.17012563797876315  0.0
0.16000000000000014  0.1701009863006462  0.0
0.16500000000000015  0.17007556146125075  0.0
0.16999999999999993  0.17004936380835198  0.0
0.17499999999999993  0.1700223937002599  0.0
0.18000000000000016  0.1699946515058109  0.0
0.18500000000000016  0.16996613760435944  0.0
0.18999999999999995  0.16993685238576958  0.0
0.19499999999999995  0.16990679625040578  0.0
0.20000000000000018  0.16987596960912396  0.0
0.20500000000000018  0.16984437288326223  0.0
0.20999999999999996  0.16981200650463096  0.0
0.21499999999999997  0.16977887091550348  0.0
0.2200000000000002  0.16974496656860535  0.0
0.2250000000000002  0.1697102939271046  0.0
0.22999999999999998  0.16967485346460096  0.0
0.235  0.169638645665115  0.0
0.2400000000000002  0.16960167102307724  0.0
0.24500000000000022  0.16956393004331702  0.0
0.25  0.1695254232410506  0.0
0.255  0.16948615114186982  0.0
0.26000000000000023  0.16944611428173006  0.0
0.26500000000000024  0.16940531320693797  0.0
0.27  0.16936374847413904  0.0
0.275  0.16932142065030506  0.0
0.28000000000000025  0.16927833031272105  0.0
0.28500000000000025  0.16923447804897238  0.0
0.29000000000000004  0.16918986445693115  0.0
0.29500000000000004  0.1691444901447429  0.0
0.30000000000000027  0.16909835573081236  0.0
0.30500000000000027  0.16905146184379  0.0
0.31000000000000005  0.16900380912255716  0.0
0.31500000000000006  0.16895539821621197  0.0
0.31999999999999984  0.16890622978405437  0.0
0.32499999999999984  0.16885630449557124  0.0
0.33000000000000007  0.16880562303042124  0.0
0.3350000000000001  0.1687541860784193  0.0
0.33999999999999986  0.168701994339521  0.0
0.34499999999999986  0.16864904852380677  0.0
0.3500000000000001  0.1685953493514657  0.0
0.3550000000000001  0.16854089755277926  0.0
0.3599999999999999  0.1684856938681047  0.0
0.3649999999999999  0.1684297390478583  0.0
0.3700000000000001  0.1683730338524984  0.0
0.3750000000000001  0.1683155790525082  0.0
0.3799999999999999  0.1682573754283782  0.0
0.3849999999999999  0.16819842377058858  0.0
0.3900000000000001  0.1681387248795913  0.0
0.39500000000000013  0.16807827956579213  0.0
0.3999999999999999  0.16801708864953205  0.0
0.4049999999999999  0.16795515296106894  0.0
0.41000000000000014  0.1678924733405586  0.0
0.41500000000000015  0.16782905063803594  0.0
0.41999999999999993  0.16776488571339568  0.0
0.42499999999999993  0.16769997943637285  0.0
0.43000000000000016  0.16763433268652334  0.0
0.43500000000000016  0.16756794635320377  0.0
0.43999999999999995  0.1675008213355517  0.0
0.44499999999999995  0.16743295854246515  0.0
0.4500000000000002  0.16736435889258197  0.0
0.4550000000000002  0.16729502331425955  0.0
0.45999999999999996  0.1672249527455533  0.0
0.46499999999999997  0.1671541481341961  0.0
0.4700000000000002  0.16708261043757647  0.0
0.4750000000000002  0.1670103406227172  0.0
0.48  0.16693733966625351  0.0
0.485  0.16686360855441115  0.0
0.4900000000000002  0.1667891482829841  0.0
0.4950000000000002  0.16671395985731216  0.0
0.5  0.16663804429225834  0.0
0.505  0.16656140261218608  0.0
0.5100000000000002  0.16648403585093613  0.0
0.5150000000000002  0.16640594505180342  0.0
0.52  0.16632713126751353  0.0
0.525  0.16624759556019905  0.0
0.5300000000000002  0.1661673390013757  0.0
0.5350000000000003  0.16608636267191842  0.0
0.54  0.1660046676620369  0.0
0.545  0.16592225507125125  0.0
0.5500000000000003  0.1658391260083673  0.0
0.5550000000000003  0.16575528159145184  0.0
0.56  0.16567072294780735  0.0
0.5650000000000001  0.16558545121394694  0.0
0.5699999999999998  0.1654994675355688  0.0
0.5749999999999998  0.16541277306753058  0.0
0.5800000000000001  0.1653253689738235  0.0
0.5850000000000001  0.16523725642754636  0.0
0.5899999999999999  0.16514843661087927  0.0
0.5949999999999999  0.16505891071505727  0.0
0.6000000000000001  0.16496867994034364  0.0
0.6050000000000001  0.1648777454960031  0.0
0.6099999999999999  0.16478610860027487  0.0
0.6149999999999999  0.16469377048034534  0.0
0.6200000000000001  0.16460073237232078  0.0
0.6250000000000001  0.16450699552119988  0.0
0.6299999999999999  0.16441256118084574  0.0
0.6349999999999999  0.16431743061395804  0.0
0.6400000000000001  0.16422160509204506  0.0
0.6450000000000001  0.16412508589539504  0.0
0.6499999999999999  0.16402787431304797  0.0
0.6549999999999999  0.1639299716427667  0.0
0.6600000000000001  0.16383137919100832  0.0
0.6650000000000001  0.1637320982728948  0.0
0.6699999999999999  0.16363213021218398  0.0
0.6749999999999999  0.16353147634124013  0.0
0.6800000000000002  0.16343013800100428  0.0
0.6850000000000002  0.1633281165409645  0.0
0.69  0.163225413319126  0.0
0.695  0.16312202970198098  0.0
0.7000000000000002  0.16301796706447838  0.0
0.7050000000000002  0.16291322678999326  0.0
0.71  0.1628078102702964  0.0
0.715  0.1627017189055233  0.0
0.7200000000000002  0.1625949541041432  0.0
0.7250000000000002  0.16248751728292815  0.0
0.73  0.16237940986692143  0.0
0.735  0.16227063328940614  0.0
0.7400000000000002  0.16216118899187357  0.0
0.7450000000000002  0.16205107842399138  0.0
0.75  0.16194030304357168  0.0
0.755  0.1618288643165387  0.0
0.7600000000000002  0.16171676371689656  0.0
0.7650000000000002  0.16160400272669698  0.0
0.77  0.16149058283600623  0.0
0.775  0.16137650554287272  0.0
0.7800000000000002  0.16126177235329384  0.0
0.7850000000000003  0.16114638478118293  0.0
0.79  0.16103034434833594  0.0
0.795  0.16091365258439805  0.0
0.8000000000000003  0.16079631102682998  0.0
0.8050000000000003  0.16067832122087447  0.0
0.81  0.16055968471952217  0.0
0.8150000000000001  0.16044040308347768  0.0
0.8199999999999998  0.16032047788112533  0.0
0.8249999999999998  0.1601999106884949  0.0
0.8300000000000001  0.16007870308922711  0.0
0.8350000000000001  0.15995685667453888  0.0
0.8399999999999999  0.15983437304318862  0.0
0.8449999999999999  0.15971125380144127  0.0
0.8500000000000001  0.15958750056303334  0.0
0.8550000000000001  0.15946311494913737  0.0
0.8599999999999999  0.15933809858832698  0.0
0.8649999999999999  0.1592124531165411  0.0
0.8700000000000001  0.15908618017704834  0.0
0.8750000000000001  0.15895928142041127  0.0
0.8799999999999999  0.15883175850445042  0.0
0.8849999999999999  0.15870361309420836  0.0
0.8900000000000001  0.1585748468619133  0.0
0.8950000000000001  0.15844546148694294  0.0
0.8999999999999999  0.1583154586557879  0.0
0.9049999999999999  0.15818484006201516  0.0
0.9100000000000001  0.15805360740623128  0.0
0.9150000000000001  0.15792176239604558  0.0
0.9199999999999999  0.15778930674603323  0.0
0.9249999999999999  0.1576562421776979  0.0
0.9300000000000002  0.15752257041943477  0.0
0.9350000000000002  0.157388293206493  0.0
0.94  0.1572534122809383  0.0
0.945  0.15711792939161529  0.0
0.9500000000000002  0.15698184629410966  0.0
0.9550000000000002  0.15684516475071056  0.0
0.96  0.15670788653037235  0.0
0.965  0.15657001340867657  0.0
0.9700000000000002  0.15643154716779384  0.0
0.9750000000000002  0.1562924895964454  0.0
0.98  0.1561528424898646  0.0
0.985  0.15601260764975858  0.0
0.9900000000000002  0.15587178688426923  0.0
0.9950000000000002  0.1557303820079339  0.0
1.0  0.1555883948416505  0.0
1.005  0.15544582721263006  0.0
1.0100000000000002  0.15530268095436606  0.0
1.0150000000000001  0.15515895790659115  0.0
1.02  0.15501465991523838  0.0
1.025  0.15486978883240193  0.0
1.0300000000000002  0.1547243465162975  0.0
1.0350000000000001  0.15457833483122266  0.0
1.04  0.1544317556475172  0.0
1.045  0.15428461084152306  0.0
1.0500000000000003  0.1541369022955447  0.0
1.0550000000000002  0.15398863189780862  0.0
1.06  0.15383980154242358  0.0
1.065  0.15369041312934026  0.0
1.0700000000000003  0.15354046856431086  0.0
1.0750000000000002  0.15338996975884858  0.0
1.08  0.15323891863018746  0.0
1.085  0.15308731710124135  0.0
1.0899999999999999  0.15293516710056335  0.0
1.0949999999999998  0.15278247056230515  0.0
1.1  0.15262922942617607  0.0
1.105  0.15247544563740195  0.0
1.1099999999999999  0.1523211211466843  0.0
1.1149999999999998  0.15216625791015911  0.0
1.12  0.15201085788935556  0.0
1.125  0.1518549230511548  0.0
1.13  0.15169845536774848  0.0
1.1349999999999998  0.15154145681659748  0.0
1.1400000000000001  0.15138392938039016  0.0
1.145  0.15122587504700089  0.0
1.15  0.15106729580944833  0.0
1.1549999999999998  0.15090819366585356  0.0
1.1600000000000001  0.1507485706193984  0.0
1.165  0.1505884286782835  0.0
1.17  0.1504277698556863  0.0
1.1749999999999998  0.15026659616971896  0.0
1.1800000000000002  0.15010490964338624  0.0
1.185  0.1499427123045435  0.0
1.19  0.14978000618585427  0.0
1.1949999999999998  0.14961679332474792  0.0
1.2000000000000002  0.14945307576337755  0.0
1.205  0.14928885554857718  0.0
1.21  0.1491241347318196  0.0
1.2149999999999999  0.14895891536917355  0.0
1.2200000000000002  0.14879319952126127  0.0
1.225  0.14862698925321588  0.0
1.23  0.1484602866346385  0.0
1.2349999999999999  0.14829309373955554  0.0
1.2400000000000002  0.14812541264637585  0.0
1.245  0.14795724543784794  0.0
1.25  0.14778859420101687  0.0
1.255  0.14761946102718143  0.0
1.2600000000000002  0.147449848011851  0.0
1.2650000000000001  0.14727975725470258  0.0
1.27  0.14710919085953755  0.0
1.275  0.1469381509342386  0.0
1.2800000000000002  0.14676663959072647  0.0
1.2850000000000001  0.14659465894491666  0.0
1.29  0.14642221111667622  0.0
1.295  0.14624929822978033  0.0
1.3000000000000003  0.14607592241186906  0.0
1.3050000000000002  0.1459020857944038  0.0
1.31  0.14572779051262394  0.0
1.315  0.14555303870550337  0.0
1.3200000000000003  0.14537783251570682  0.0
1.3250000000000002  0.14520217408954658  0.0
1.33  0.14502606557693867  0.0
1.335  0.1448495091313594  0.0
1.3399999999999999  0.1446725069098017  0.0
1.3449999999999998  0.14449506107273144  0.0
1.35  0.14431717378404368  0.0
1.355  0.1441388472110191  0.0
1.3599999999999999  0.1439600835242802  0.0
1.3649999999999998  0.14378088489774737  0.0
1.37  0.1436012535085955  0.0
1.375  0.14342119153720986  0.0
1.38  0.14324070116714227  0.0
1.3849999999999998  0.14305978458506755  0.0
1.3900000000000001  0.14287844398073934  0.0
1.395  0.14269668154694656  0.0
1.4  0.1425144994794692  0.0
1.4049999999999998  0.1423318999770346  0.0
1.4100000000000001  0.14214888524127361  0.0
1.415  0.14196545747667663  0.0
1.42  0.1417816188905495  0.0
1.4249999999999998  0.14159737169296982  0.0
1.4300000000000002  0.14141271809674297  0.0
1.435  0.14122766031735803  0.0
1.44  0.14104220057294395  0.0
1.4449999999999998  0.1408563410842256  0.0
1.4500000000000002  0.14067008407447973  0.0
1.455  0.1404834317694912  0.0
1.46  0.14029638639750883  0.0
1.4649999999999999  0.14010895018920153  0.0
1.4700000000000002  0.1399211253776143  0.0
1.475  0.13973291419812453  0.0
1.48  0.1395443188883978  0.0
1.4849999999999999  0.13935534168834401  0.0
1.4900000000000002  0.13916598484007342  0.0
1.495  0.138976250587853  0.0
1.5  0.13878614117806218  0.0
1.505  0.1385956588591492  0.0
1.5100000000000002  0.13840480588158707  0.0
1.5150000000000001  0.1382135844978299  0.0
1.52  0.13802199696226883  0.0
1.525  0.1378300455311884  0.0
1.5300000000000002  0.13763773246272262  0.0
1.5350000000000001  0.1374450600168112  0.0
1.54  0.13725203045515577  0.0
1.545  0.13705864604117618  0.0
1.5500000000000003  0.13686490903996665  0.0
1.5550000000000002  0.13667082171825218  0.0
1.56  0.13647638634434486  0.0
1.565  0.1362816051881001  0.0
1.5700000000000003  0.1360864805208731  0.0
1.5750000000000002  0.13589101461547523  0.0
1.58  0.13569520974613045  0.0
1.585  0.13549906818843171  0.0
1.5899999999999999  0.13530259221929755  0.0
1.5949999999999998  0.13510578411692847  0.0
1.6  0.13490864616076367  0.0
1.605  0.1347111806314375  0.0
1.6099999999999999  0.1345133898107361  0.0
1.6149999999999998  0.1343152759815541  0.0
1.62  0.1341168414278512  0.0
1.625  0.13391808843460926  0.0
1.63  0.13371901928778862  0.0
1.6349999999999998  0.13351963627428515  0.0
1.6400000000000001  0.13331994168188713  0.0
1.645  0.1331199377992322  0.0
1.65  0.13291962691576412  0.0
1.6549999999999998  0.1327190113216899  0.0
1.6600000000000001  0.1325180933079369  0.0
1.665  0.13231687516610982  0.0
1.67  0.1321153591884478  0.0
1.6749999999999998  0.13191354766778182  0.0
1.6800000000000002  0.13171144289749173  0.0
1.685  0.13150904717146364  0.0
1.69  0.1313063627840474  0.0
1.6949999999999998  0.13110339203001362  0.0
1.7000000000000002  0.1309001372045116  0.0
1.705  0.1306966006030266  0.0
1.71  0.13049278452133733  0.0
1.7149999999999999  0.13028869125547388  0.0
1.7200000000000002  0.13008432310167517  0.0
1.725  0.12987968235634675  0.0
1.73  0.12967477131601882  0.0
1.7349999999999999  0.12946959227730373  0.0
1.7400000000000002  0.12926414753685428  0.0
1.745  0.1290584393913216  0.0
1.75  0.12885247013731327  0.0
1.755  0.12864624207135136  0.0
1.7600000000000002  0.1284397574898307  0.0
1.7650000000000001  0.12823301868897735  0.0
1.77  0.12802602796480667  0.0
1.775  0.1278187876130819  0.0
1.7800000000000002  0.12761129992927261  0.0
1.7850000000000001  0.12740356720851348  0.0
1.79  0.12719559174556253  0.0
1.795  0.12698737583476025  0.0
1.8000000000000003  0.12677892176998817  0.0
1.8050000000000002  0.12657023184462793  0.0
1.81  0.12636130835152  0.0
1.815  0.12615215358292295  0.0
1.8200000000000003  0.12594276983047234  0.0
1.8250000000000002  0.12573315938514018  0.0
1.83  0.12552332453719411  0.0
1.835  0.1253132675761566  0.0
1.8399999999999999  0.12510299079076462  0.0
1.8449999999999998  0.12489249646892918  0.0
1.85  0.12468178689769474  0.0
1.855  0.1244708643631992  0.0
1.8599999999999999  0.1242597311506335  0.0
1.8649999999999998  0.12404838954420162  0.0
1.87  0.12383684182708049  0.0
1.875  0.12362509028138009  0.0
1.88  0.12341313718810372  0.0
1.8849999999999998  0.12320098482710799  0.0
1.8900000000000001  0.12298863547706347  0.0
1.895  0.12277609141541504  0.0
1.9  0.12256335491834229  0.0
1.9049999999999998  0.12235042826072036  0.0
1.9100000000000001  0.12213731371608058  0.0
1.915  0.12192401355657136  0.0
1.92  0.12171053005291904  0.0
1.9249999999999998  0.12149686547438902  0.0
1.9300000000000002  0.12128302208874683  0.0
1.935  0.12106900216221946  0.0
1.94  0.12085480795945662  0.0
1.9449999999999998  0.12064044174349216  0.0
1.9500000000000002  0.12042590577570576  0.0
1.955  0.12021120231578458  0.0
1.96  0.11999633362168481  0.0
1.9649999999999999  0.11978130194959376  0.0
1.9700000000000002  0.11956610955389178  0.0
1.975  0.11935075868711442  0.0
1.98  0.11913525159991444  0.0
1.9849999999999999  0.11891959054102431  0.0
1.9900000000000002  0.11870377775721729  0.0
1.995  0.11848781549327514  0.0
2.0  0.11827170599194295  0.0
2.005  0.11805544243181046  0.0
2.01  0.1178390352750867  0.0
2.020243902439024  0.1173952283492708  0.0
2.0307407407407405  0.11693988992102884  0.0
2.0415  0.11647256799096453  0.0
2.05253164556962  0.11599280742777779  0.0
2.0638461538461534  0.11550013090875356  0.0
2.075454545454545  0.11499403762496385  0.0
2.0873684210526315  0.1144740019010072  0.0
2.0995999999999997  0.11393947172330338  0.0
2.112162162162162  0.11338986717056478  0.0
2.1250684931506845  0.1128245787396626  0.0
2.138333333333333  0.11224296555968469  0.0
2.1519718309859153  0.11164435348656188  0.0
2.166  0.11102803307021408  0.0
2.180434782608695  0.1103932573857534  0.0
2.195294117647059  0.1097392397198863  0.0
2.210597014925373  0.10906515110329525  0.0
2.226363636363636  0.10837011767946962  0.0
2.2426153846153847  0.10765321790022415  0.0
2.2593749999999995  0.1069134795380152  0.0
2.2766666666666664  0.10614987650518463  0.0
2.2945161290322575  0.10536132547047655  0.0
2.312950819672131  0.10454668226364336  0.0
2.332  0.10370473805977144  0.0
2.351694915254237  0.10283421533620388  0.0
2.372068965517241  0.10193376359675621  0.0
2.393157894736842  0.10100195486046204  0.0
2.415  0.10003727891555715  0.0
2.437636363636363  0.0990381383440636  0.0
2.461111111111111  0.09800284332849249  0.0
2.4854716981132072  0.09692960626024953  0.0
2.5107692307692306  0.09581653617980411  0.0
2.537058823529412  0.09466163309221927  0.0
2.5644  0.09346278221903474  0.0
2.5928571428571425  0.09221774826976754  0.0
2.6224999999999996  0.09092416984472355  0.0
2.653404255319149  0.08957955411700731  0.0
2.6856521739130432  0.08818127198761129  0.0
2.719333333333333  0.0867265539658063  0.0
2.7545454545454544  0.08521248710096598  0.0
2.7913953488372094  0.08363601338546925  0.0
2.83  0.08199393016651366  0.0
2.8704878048780484  0.08028289325387322  0.0
2.913  0.07849942359876796  0.0
2.9576923076923074  0.07663991865589985  0.0
3.004736842105263  0.07470066983847613  0.0
3.054324324324324  0.0726778878495122  0.0
3.1066666666666665  0.07056773813978183  0.0
3.162  0.06836638932470507  0.0
3.2205882352941173  0.0660700781137634  0.0
3.2827272727272723  0.06367519519390927  0.0
3.3487499999999994  0.06117839759099416  0.0
3.4190322580645156  0.05857675433572748  0.0
3.4939999999999998  0.05586793379825584  0.0
3.5741379310344823  0.053050442820089465  0.0
3.6599999999999997  0.05012392970973013  0.0
3.7522222222222217  0.04708956514017893  0.0
3.8515384615384614  0.04395051670496587  0.0
3.9587999999999997  0.040712533814553906  0.0
4.074999999999999  0.03738465879117062  0.0
4.2013043478260865  0.03398007582543619  0.0
4.339090909090909  0.03051709923781494  0.0
4.49  0.027020282052921764  0.0
4.656  0.02352158892070547  0.0
4.839473684210526  0.020061514934588395  0.0
5.043333333333333  0.016689932436548132  0.0
5.271176470588235  0.013466299736173715  0.0
5.527499999999999  0.010458664243299411  0.0
5.818  0.007740659009617097  0.0
6.1499999999999995  0.005385512126685981  0.0
6.533076923076923  0.0034561815968887936  0.0
6.9799999999999995  0.0019915268153989163  0.0
7.508181818181818  0.0009905635211922223  0.0
8.142  0.000400701120173412  0.0
8.916666666666666  0.00012005146600030535  0.0
9.884999999999998  2.2838933322466788e-5  0.0
11.129999999999999  2.1117336062883298e-6  0.0
12.79  5.8115101430768787e-8  0.0
15.113999999999999  2.0653109416137684e-10  0.0
18.599999999999994  1.0897473008968751e-13  0.0
24.409999999999997  1.3806018435298888e-18  0.0
36.029999999999994  8.429614661206224e-29  0.0
70.88999999999999  3.871610703781903e-57  0.0
