

sub_block0

0.01101		42.75327767847432 ; 20	0.1	1.101   
0.0121331301		42.19403931890261 ; 20	0.1001	1.10201   
0.01338320770751601		41.563036429474174 ; 20	0.10020009999999999	1.1030301   
0.014775869668226416		40.850834948566835 ; 20	0.10030030009999998	1.104060401   
0.016328828420253787		40.047218737806865 ; 20	0.10040060040009996	1.1051010050099999   
0.018062166460634355		39.141441043078906 ; 20	0.10050100100050005	1.1061520150600999   
0.019998675180443116		38.12267252575092 ; 20	0.10060150200150055	1.1072135352107009   
0.02216424513272518		36.98070525213949 ; 20	0.10070210350350203	1.108285670562808   
0.024588315980907934		35.70695547317171 ; 20	0.10080280560700552	1.109368527268436   
0.02730439576681921		34.29576107382 ; 20	0.10090360841261252	1.1104622125411203   
0.03035066077500547		32.7458839805164 ; 20	0.10100451202102512	1.1115668346665315   
0.03377064919923754		31.062010547266258 ; 40	0.10110551653304613	1.1126825030131968   
0.037614064092189745		29.255928123701484 ; 40	0.10120662204957916	1.1138093280433288   
0.04193770376509367		27.347004942502952 ; 40	0.10130782867162873	1.114947421323762   
0.046806540978171385		25.361675693660708 ; 40	0.10140913650030034	1.1160968955369996   
0.05229497601754635		23.3318525660411 ; 40	0.10151054563680063	1.1172578644923696   
0.058488293201158496		21.292475614761212 ; 20	0.10161205618243742	1.1184304431372933   
0.0654843556281372		19.278661341391356 ; 20	0.10171366823861984	1.1196147475686662   
0.07339557924297517		17.32299425068445 ; 40	0.10181538190685845	1.120810895044353   
0.08235123471982415		15.4534089291519 ; 40	0.10191719728876529	1.1220190039947964   
0.09250013451446135		13.691897551060071 ; 40	0.10201911448605404	1.1232391940347444   
0.10401377296038568		12.054053097049335 ; 40	0.10212113360054008	1.1244715859750918   
0.11708999983685432		10.549298649892727 ; 40	0.10222325473414061	1.1257163018348426   
0.13195732281579928		9.181582259843879 ; 40	0.10232547798887474	1.126973464853191   
0.14887995209137908		7.950318819151714 ; 20	0.1024278034668636	1.128243199501723   
0.1681637219032194		6.85140347797963 ; 40	0.10253023127033045	1.1295256314967403   
0.1901630493003197		5.878177098444163 ; 40	0.10263276150160078	1.1308208878117076   
0.21528912122815355		5.0222755271974995 ; 40	0.10273539426310237	1.1321290966898248   
0.24401953791432587		4.274333579447153 ; 40	0.10283812965736545	1.133450387656723   
0.27690968486411194		3.624540634139777 ; 40	0.1029409677870228	1.1347848915332903   
0.31460615912142814		3.0630597973998426 ; 40	0.10304390875480982	1.1361327404486232   
0.35786263971067594		2.5803297532282543 ; 40	0.10314695266356462	1.1374940678531096   
0.40755866967781323		2.167270483146435 ; 40	0.10325009961622818	1.1388690085316406   
0.4647219107382119		1.8154131522276813 ; 40	0.1033533497158444	1.140257698616957   
0.5305545446921986		1.5169721079036895 ; 40	0.10345670306556022	1.1416602756031267   
0.6064646327460227		1.2648740518619273 ; 40	0.10356015976862577	1.1430768783591578   
0.694103409899442		1.0527565603064317 ; 40	0.10366371992839439	1.1445076471427493   
0.795409693044153		0.8749455171648012 ; 40	0.10376738364832278	1.1459527236141769   
0.9126628262439526		0.7264187988071595 ; 40	0.10387115103197109	1.1474122508503186   
1.048545884542827		0.6027617233403739 ; 40	0.10397502218300304	1.1488863733588217   
1.2062212205332252		0.5001183182012529 ; 40	0.10407899720518604	1.1503752370924099   
1.3894208805770407		0.41514130937141064 ; 40	0.10418307620239121	1.151878989463334   
1.6025549582511502		0.34494283150065413 ; 40	0.1042872592785936	1.1533977793579673   
1.8508416138649249		0.2870471437097304 ; 40	0.10439154653787218	1.154931757151547   
2.1404632987446757		0.23934606814016787 ; 60	0.10449593808441004	1.1564810747230625   
2.1404636370360928		0.23934602136888597 ; 20	0.10460043402249444	1.1436780777002664   
2.451076714800326		0.2027904630783483 ; 60	0.09509130365681312	1.145114858477269   
2.451077074044853		0.20279042712857479 ; 20	0.09518639496046992	1.133241824601856   
2.780928915446223		0.17435773864325618 ; 60	0.08653308632769992	1.1345742428478747   
2.7809292934300403		0.1743577106020635 ; 20	0.08661961941402761	1.1235636229785029   
3.1279872091607364		0.15193141437126526 ; 60	0.07874510855820692	1.1247992592082878   
3.127987603434928		0.15193139219414123 ; 20	0.07882385366676511	1.1145884107276098   
3.490003042970734		0.13401058256365306 ; 60	0.07165804878796828	1.1157342948348858   
3.490003450922905		0.13401056464164782 ; 20	0.07172970683675624	1.1062651252574862   
3.8645777613229004		0.11951692785612454 ; 80	0.06520882439705113	1.107327776510061   
3.864578180247204		0.11951691347096123 ; 20	0.06527403322144817	1.0985464129774196   
4.249226900754712		0.10766545398816835 ; 60	0.059340030201316514	1.0995318771071938   
4.676389765738077		0.09709572988725669 ; 80	0.059399370231517826	1.1005271958782656   
4.67639024054347		0.09709571936259093 ; 20	0.05945876960174934	1.0923022434882257   
5.112347964278362		0.0883656492220767 ; 60	0.05405342691068121	1.0932252659231079   
5.11234844564436		0.08836564051688249 ; 20	0.054107480337591884	1.0855977441657627   
5.554329994924227		0.08109048333441721 ; 60	0.049188618488719894	1.0864537216074204   
5.554330479918651		0.08109047607459718 ; 20	0.04923780710720861	1.079380235294086   
5.9996435809196775		0.07497890506779087 ; 80	0.0447616428247351	1.0801740376470268   
5.999644066745485		0.07497889895008707 ; 20	0.044806404467559825	1.0736143436577246   
6.445720525500448		0.06980754048424603 ; 140	0.04073309497050893	1.0743504870943017   
